 2.011 0.97 0.87 0.741 0.857 0.837 1.094 4.125
Next run
 2.011 0.97 0.87 0.741 0.857 0.837 1.094 4.125
 1.516 0.0 0.483 0.0 0.711 0.927 1.073 3.062
Next run
 2.011 0.97 0.87 0.741 0.857 0.837 1.094 4.125
 1.516 0.0 0.483 0.0 0.711 0.927 1.073 3.062
 1.564 0.805 0.719 0.0 0.326 0.857 0.949 2.712
Next run
 2.011 0.97 0.87 0.741 0.857 0.837 1.094 4.125
 1.516 0.0 0.483 0.0 0.711 0.927 1.073 3.062
 1.564 0.805 0.719 0.0 0.326 0.857 0.949 2.712
 1.318 0.895 0.81 0.957 0.991 0.832 0.968 2.675
Next run
 2.011 0.97 0.87 0.741 0.857 0.837 1.094 4.125
 1.516 0.0 0.483 0.0 0.711 0.927 1.073 3.062
 1.564 0.805 0.719 0.0 0.326 0.857 0.949 2.712
 1.318 0.895 0.81 0.957 0.991 0.832 0.968 2.675
 1.505 0.899 0.95 0.748 0.0 0.498 1.099 2.794
Next run
 2.011 0.97 0.87 0.741 0.857 0.837 1.094 4.125
 1.516 0.0 0.483 0.0 0.711 0.927 1.073 3.062
 1.564 0.805 0.719 0.0 0.326 0.857 0.949 2.712
 1.318 0.895 0.81 0.957 0.991 0.832 0.968 2.675
 1.505 0.899 0.95 0.748 0.0 0.498 1.099 2.794
 1.074 0.956 0.687 0.0 0.805 0.936 0.899 2.747
Next run
 2.011 0.97 0.87 0.741 0.857 0.837 1.094 4.125
 1.516 0.0 0.483 0.0 0.711 0.927 1.073 3.062
 1.564 0.805 0.719 0.0 0.326 0.857 0.949 2.712
 1.318 0.895 0.81 0.957 0.991 0.832 0.968 2.675
 1.505 0.899 0.95 0.748 0.0 0.498 1.099 2.794
 1.074 0.956 0.687 0.0 0.805 0.936 0.899 2.747
 1.23 1.1 0.0 0.511 0.955 1.0 0.997 2.709
Next run
 2.011 0.97 0.87 0.741 0.857 0.837 1.094 4.125
 1.516 0.0 0.483 0.0 0.711 0.927 1.073 3.062
 1.564 0.805 0.719 0.0 0.326 0.857 0.949 2.712
 1.318 0.895 0.81 0.957 0.991 0.832 0.968 2.675
 1.505 0.899 0.95 0.748 0.0 0.498 1.099 2.794
 1.074 0.956 0.687 0.0 0.805 0.936 0.899 2.747
 1.23 1.1 0.0 0.511 0.955 1.0 0.997 2.709
 1.303 0.899 0.604 0.81 0.974 0.998 1.0 2.598
Next run
 2.011 0.97 0.87 0.741 0.857 0.837 1.094 4.125
 1.516 0.0 0.483 0.0 0.711 0.927 1.073 3.062
 1.564 0.805 0.719 0.0 0.326 0.857 0.949 2.712
 1.318 0.895 0.81 0.957 0.991 0.832 0.968 2.675
 1.505 0.899 0.95 0.748 0.0 0.498 1.099 2.794
 1.074 0.956 0.687 0.0 0.805 0.936 0.899 2.747
 1.23 1.1 0.0 0.511 0.955 1.0 0.997 2.709
 1.303 0.899 0.604 0.81 0.974 0.998 1.0 2.598
 1.336 0.924 0.387 0.47 0.962 0.996 0.994 2.668
Next run
 2.011 0.97 0.87 0.741 0.857 0.837 1.094 4.125
 1.516 0.0 0.483 0.0 0.711 0.927 1.073 3.062
 1.564 0.805 0.719 0.0 0.326 0.857 0.949 2.712
 1.318 0.895 0.81 0.957 0.991 0.832 0.968 2.675
 1.505 0.899 0.95 0.748 0.0 0.498 1.099 2.794
 1.074 0.956 0.687 0.0 0.805 0.936 0.899 2.747
 1.23 1.1 0.0 0.511 0.955 1.0 0.997 2.709
 1.303 0.899 0.604 0.81 0.974 0.998 1.0 2.598
 1.336 0.924 0.387 0.47 0.962 0.996 0.994 2.668
 1.092 0.981 0.661 0.787 1.0 0.95 0.995 2.452
Next run
 2.011 0.97 0.87 0.741 0.857 0.837 1.094 4.125
 1.516 0.0 0.483 0.0 0.711 0.927 1.073 3.062
 1.564 0.805 0.719 0.0 0.326 0.857 0.949 2.712
 1.318 0.895 0.81 0.957 0.991 0.832 0.968 2.675
 1.505 0.899 0.95 0.748 0.0 0.498 1.099 2.794
 1.074 0.956 0.687 0.0 0.805 0.936 0.899 2.747
 1.23 1.1 0.0 0.511 0.955 1.0 0.997 2.709
 1.303 0.899 0.604 0.81 0.974 0.998 1.0 2.598
 1.336 0.924 0.387 0.47 0.962 0.996 0.994 2.668
 1.092 0.981 0.661 0.787 1.0 0.95 0.995 2.452
 0.915 0.984 0.81 0.97 0.93 0.847 0.962 2.901
Next run
 2.011 0.97 0.87 0.741 0.857 0.837 1.094 4.125
 1.516 0.0 0.483 0.0 0.711 0.927 1.073 3.062
 1.564 0.805 0.719 0.0 0.326 0.857 0.949 2.712
 1.318 0.895 0.81 0.957 0.991 0.832 0.968 2.675
 1.505 0.899 0.95 0.748 0.0 0.498 1.099 2.794
 1.074 0.956 0.687 0.0 0.805 0.936 0.899 2.747
 1.23 1.1 0.0 0.511 0.955 1.0 0.997 2.709
 1.303 0.899 0.604 0.81 0.974 0.998 1.0 2.598
 1.336 0.924 0.387 0.47 0.962 0.996 0.994 2.668
 1.092 0.981 0.661 0.787 1.0 0.95 0.995 2.452
 0.915 0.984 0.81 0.97 0.93 0.847 0.962 2.901
 0.943 1.003 0.914 0.998 0.821 0.47 0.914 2.673
Next run
 2.011 0.97 0.87 0.741 0.857 0.837 1.094 4.125
 1.516 0.0 0.483 0.0 0.711 0.927 1.073 3.062
 1.564 0.805 0.719 0.0 0.326 0.857 0.949 2.712
 1.318 0.895 0.81 0.957 0.991 0.832 0.968 2.675
 1.505 0.899 0.95 0.748 0.0 0.498 1.099 2.794
 1.074 0.956 0.687 0.0 0.805 0.936 0.899 2.747
 1.23 1.1 0.0 0.511 0.955 1.0 0.997 2.709
 1.303 0.899 0.604 0.81 0.974 0.998 1.0 2.598
 1.336 0.924 0.387 0.47 0.962 0.996 0.994 2.668
 1.092 0.981 0.661 0.787 1.0 0.95 0.995 2.452
 0.915 0.984 0.81 0.97 0.93 0.847 0.962 2.901
 0.943 1.003 0.914 0.998 0.821 0.47 0.914 2.673
 0.995 0.982 0.985 0.991 0.719 0.248 0.837 2.56
Next run
 2.011 0.97 0.87 0.741 0.857 0.837 1.094 4.125
 1.516 0.0 0.483 0.0 0.711 0.927 1.073 3.062
 1.564 0.805 0.719 0.0 0.326 0.857 0.949 2.712
 1.318 0.895 0.81 0.957 0.991 0.832 0.968 2.675
 1.505 0.899 0.95 0.748 0.0 0.498 1.099 2.794
 1.074 0.956 0.687 0.0 0.805 0.936 0.899 2.747
 1.23 1.1 0.0 0.511 0.955 1.0 0.997 2.709
 1.303 0.899 0.604 0.81 0.974 0.998 1.0 2.598
 1.336 0.924 0.387 0.47 0.962 0.996 0.994 2.668
 1.092 0.981 0.661 0.787 1.0 0.95 0.995 2.452
 0.915 0.984 0.81 0.97 0.93 0.847 0.962 2.901
 0.943 1.003 0.914 0.998 0.821 0.47 0.914 2.673
 0.995 0.982 0.985 0.991 0.719 0.248 0.837 2.56
 1.031 1.146 0.979 0.96 0.661 0.0 0.774 2.726
Next run
 2.011 0.97 0.87 0.741 0.857 0.837 1.094 4.125
 1.516 0.0 0.483 0.0 0.711 0.927 1.073 3.062
 1.564 0.805 0.719 0.0 0.326 0.857 0.949 2.712
 1.318 0.895 0.81 0.957 0.991 0.832 0.968 2.675
 1.505 0.899 0.95 0.748 0.0 0.498 1.099 2.794
 1.074 0.956 0.687 0.0 0.805 0.936 0.899 2.747
 1.23 1.1 0.0 0.511 0.955 1.0 0.997 2.709
 1.303 0.899 0.604 0.81 0.974 0.998 1.0 2.598
 1.336 0.924 0.387 0.47 0.962 0.996 0.994 2.668
 1.092 0.981 0.661 0.787 1.0 0.95 0.995 2.452
 0.915 0.984 0.81 0.97 0.93 0.847 0.962 2.901
 0.943 1.003 0.914 0.998 0.821 0.47 0.914 2.673
 0.995 0.982 0.985 0.991 0.719 0.248 0.837 2.56
 1.031 1.146 0.979 0.96 0.661 0.0 0.774 2.726
 1.107 1.12 0.945 0.999 0.816 0.726 0.87 2.328
Next run
 2.011 0.97 0.87 0.741 0.857 0.837 1.094 4.125
 1.516 0.0 0.483 0.0 0.711 0.927 1.073 3.062
 1.564 0.805 0.719 0.0 0.326 0.857 0.949 2.712
 1.318 0.895 0.81 0.957 0.991 0.832 0.968 2.675
 1.505 0.899 0.95 0.748 0.0 0.498 1.099 2.794
 1.074 0.956 0.687 0.0 0.805 0.936 0.899 2.747
 1.23 1.1 0.0 0.511 0.955 1.0 0.997 2.709
 1.303 0.899 0.604 0.81 0.974 0.998 1.0 2.598
 1.336 0.924 0.387 0.47 0.962 0.996 0.994 2.668
 1.092 0.981 0.661 0.787 1.0 0.95 0.995 2.452
 0.915 0.984 0.81 0.97 0.93 0.847 0.962 2.901
 0.943 1.003 0.914 0.998 0.821 0.47 0.914 2.673
 0.995 0.982 0.985 0.991 0.719 0.248 0.837 2.56
 1.031 1.146 0.979 0.96 0.661 0.0 0.774 2.726
 1.107 1.12 0.945 0.999 0.816 0.726 0.87 2.328
 1.152 1.088 0.962 0.999 0.895 0.387 0.837 2.822
Next run
 2.011 0.97 0.87 0.741 0.857 0.837 1.094 4.125
 1.516 0.0 0.483 0.0 0.711 0.927 1.073 3.062
 1.564 0.805 0.719 0.0 0.326 0.857 0.949 2.712
 1.318 0.895 0.81 0.957 0.991 0.832 0.968 2.675
 1.505 0.899 0.95 0.748 0.0 0.498 1.099 2.794
 1.074 0.956 0.687 0.0 0.805 0.936 0.899 2.747
 1.23 1.1 0.0 0.511 0.955 1.0 0.997 2.709
 1.303 0.899 0.604 0.81 0.974 0.998 1.0 2.598
 1.336 0.924 0.387 0.47 0.962 0.996 0.994 2.668
 1.092 0.981 0.661 0.787 1.0 0.95 0.995 2.452
 0.915 0.984 0.81 0.97 0.93 0.847 0.962 2.901
 0.943 1.003 0.914 0.998 0.821 0.47 0.914 2.673
 0.995 0.982 0.985 0.991 0.719 0.248 0.837 2.56
 1.031 1.146 0.979 0.96 0.661 0.0 0.774 2.726
 1.107 1.12 0.945 0.999 0.816 0.726 0.87 2.328
 1.152 1.088 0.962 0.999 0.895 0.387 0.837 2.822
 1.221 1.298 0.998 0.857 0.439 0.0 0.76 3.002
Next run
 2.011 0.97 0.87 0.741 0.857 0.837 1.094 4.125
 1.516 0.0 0.483 0.0 0.711 0.927 1.073 3.062
 1.564 0.805 0.719 0.0 0.326 0.857 0.949 2.712
 1.318 0.895 0.81 0.957 0.991 0.832 0.968 2.675
 1.505 0.899 0.95 0.748 0.0 0.498 1.099 2.794
 1.074 0.956 0.687 0.0 0.805 0.936 0.899 2.747
 1.23 1.1 0.0 0.511 0.955 1.0 0.997 2.709
 1.303 0.899 0.604 0.81 0.974 0.998 1.0 2.598
 1.336 0.924 0.387 0.47 0.962 0.996 0.994 2.668
 1.092 0.981 0.661 0.787 1.0 0.95 0.995 2.452
 0.915 0.984 0.81 0.97 0.93 0.847 0.962 2.901
 0.943 1.003 0.914 0.998 0.821 0.47 0.914 2.673
 0.995 0.982 0.985 0.991 0.719 0.248 0.837 2.56
 1.031 1.146 0.979 0.96 0.661 0.0 0.774 2.726
 1.107 1.12 0.945 0.999 0.816 0.726 0.87 2.328
 1.152 1.088 0.962 0.999 0.895 0.387 0.837 2.822
 1.221 1.298 0.998 0.857 0.439 0.0 0.76 3.002
 1.219 1.231 0.997 0.87 0.0 0.498 1.043 2.806
Next run
 2.011 0.97 0.87 0.741 0.857 0.837 1.094 4.125
 1.516 0.0 0.483 0.0 0.711 0.927 1.073 3.062
 1.564 0.805 0.719 0.0 0.326 0.857 0.949 2.712
 1.318 0.895 0.81 0.957 0.991 0.832 0.968 2.675
 1.505 0.899 0.95 0.748 0.0 0.498 1.099 2.794
 1.074 0.956 0.687 0.0 0.805 0.936 0.899 2.747
 1.23 1.1 0.0 0.511 0.955 1.0 0.997 2.709
 1.303 0.899 0.604 0.81 0.974 0.998 1.0 2.598
 1.336 0.924 0.387 0.47 0.962 0.996 0.994 2.668
 1.092 0.981 0.661 0.787 1.0 0.95 0.995 2.452
 0.915 0.984 0.81 0.97 0.93 0.847 0.962 2.901
 0.943 1.003 0.914 0.998 0.821 0.47 0.914 2.673
 0.995 0.982 0.985 0.991 0.719 0.248 0.837 2.56
 1.031 1.146 0.979 0.96 0.661 0.0 0.774 2.726
 1.107 1.12 0.945 0.999 0.816 0.726 0.87 2.328
 1.152 1.088 0.962 0.999 0.895 0.387 0.837 2.822
 1.221 1.298 0.998 0.857 0.439 0.0 0.76 3.002
 1.219 1.231 0.997 0.87 0.0 0.498 1.043 2.806
 1.219 1.012 1.0 0.887 0.0 0.549 0.916 2.622
Next run
 2.011 0.97 0.87 0.741 0.857 0.837 1.094 4.125
 1.516 0.0 0.483 0.0 0.711 0.927 1.073 3.062
 1.564 0.805 0.719 0.0 0.326 0.857 0.949 2.712
 1.318 0.895 0.81 0.957 0.991 0.832 0.968 2.675
 1.505 0.899 0.95 0.748 0.0 0.498 1.099 2.794
 1.074 0.956 0.687 0.0 0.805 0.936 0.899 2.747
 1.23 1.1 0.0 0.511 0.955 1.0 0.997 2.709
 1.303 0.899 0.604 0.81 0.974 0.998 1.0 2.598
 1.336 0.924 0.387 0.47 0.962 0.996 0.994 2.668
 1.092 0.981 0.661 0.787 1.0 0.95 0.995 2.452
 0.915 0.984 0.81 0.97 0.93 0.847 0.962 2.901
 0.943 1.003 0.914 0.998 0.821 0.47 0.914 2.673
 0.995 0.982 0.985 0.991 0.719 0.248 0.837 2.56
 1.031 1.146 0.979 0.96 0.661 0.0 0.774 2.726
 1.107 1.12 0.945 0.999 0.816 0.726 0.87 2.328
 1.152 1.088 0.962 0.999 0.895 0.387 0.837 2.822
 1.221 1.298 0.998 0.857 0.439 0.0 0.76 3.002
 1.219 1.231 0.997 0.87 0.0 0.498 1.043 2.806
 1.219 1.012 1.0 0.887 0.0 0.549 0.916 2.622
 1.166 1.287 1.0 0.962 0.726 0.387 0.719 2.338
Next run
 2.011 0.97 0.87 0.741 0.857 0.837 1.094 4.125
 1.516 0.0 0.483 0.0 0.711 0.927 1.073 3.062
 1.564 0.805 0.719 0.0 0.326 0.857 0.949 2.712
 1.318 0.895 0.81 0.957 0.991 0.832 0.968 2.675
 1.505 0.899 0.95 0.748 0.0 0.498 1.099 2.794
 1.074 0.956 0.687 0.0 0.805 0.936 0.899 2.747
 1.23 1.1 0.0 0.511 0.955 1.0 0.997 2.709
 1.303 0.899 0.604 0.81 0.974 0.998 1.0 2.598
 1.336 0.924 0.387 0.47 0.962 0.996 0.994 2.668
 1.092 0.981 0.661 0.787 1.0 0.95 0.995 2.452
 0.915 0.984 0.81 0.97 0.93 0.847 0.962 2.901
 0.943 1.003 0.914 0.998 0.821 0.47 0.914 2.673
 0.995 0.982 0.985 0.991 0.719 0.248 0.837 2.56
 1.031 1.146 0.979 0.96 0.661 0.0 0.774 2.726
 1.107 1.12 0.945 0.999 0.816 0.726 0.87 2.328
 1.152 1.088 0.962 0.999 0.895 0.387 0.837 2.822
 1.221 1.298 0.998 0.857 0.439 0.0 0.76 3.002
 1.219 1.231 0.997 0.87 0.0 0.498 1.043 2.806
 1.219 1.012 1.0 0.887 0.0 0.549 0.916 2.622
 1.166 1.287 1.0 0.962 0.726 0.387 0.719 2.338
 1.056 1.216 0.993 0.821 0.0 0.215 0.76 3.023
Next run
 2.011 0.97 0.87 0.741 0.857 0.837 1.094 4.125
 1.516 0.0 0.483 0.0 0.711 0.927 1.073 3.062
 1.564 0.805 0.719 0.0 0.326 0.857 0.949 2.712
 1.318 0.895 0.81 0.957 0.991 0.832 0.968 2.675
 1.505 0.899 0.95 0.748 0.0 0.498 1.099 2.794
 1.074 0.956 0.687 0.0 0.805 0.936 0.899 2.747
 1.23 1.1 0.0 0.511 0.955 1.0 0.997 2.709
 1.303 0.899 0.604 0.81 0.974 0.998 1.0 2.598
 1.336 0.924 0.387 0.47 0.962 0.996 0.994 2.668
 1.092 0.981 0.661 0.787 1.0 0.95 0.995 2.452
 0.915 0.984 0.81 0.97 0.93 0.847 0.962 2.901
 0.943 1.003 0.914 0.998 0.821 0.47 0.914 2.673
 0.995 0.982 0.985 0.991 0.719 0.248 0.837 2.56
 1.031 1.146 0.979 0.96 0.661 0.0 0.774 2.726
 1.107 1.12 0.945 0.999 0.816 0.726 0.87 2.328
 1.152 1.088 0.962 0.999 0.895 0.387 0.837 2.822
 1.221 1.298 0.998 0.857 0.439 0.0 0.76 3.002
 1.219 1.231 0.997 0.87 0.0 0.498 1.043 2.806
 1.219 1.012 1.0 0.887 0.0 0.549 0.916 2.622
 1.166 1.287 1.0 0.962 0.726 0.387 0.719 2.338
 1.056 1.216 0.993 0.821 0.0 0.215 0.76 3.023
 0.935 1.236 0.996 0.816 0.387 0.0 0.865 2.386
Next run
 2.011 0.97 0.87 0.741 0.857 0.837 1.094 4.125
 1.516 0.0 0.483 0.0 0.711 0.927 1.073 3.062
 1.564 0.805 0.719 0.0 0.326 0.857 0.949 2.712
 1.318 0.895 0.81 0.957 0.991 0.832 0.968 2.675
 1.505 0.899 0.95 0.748 0.0 0.498 1.099 2.794
 1.074 0.956 0.687 0.0 0.805 0.936 0.899 2.747
 1.23 1.1 0.0 0.511 0.955 1.0 0.997 2.709
 1.303 0.899 0.604 0.81 0.974 0.998 1.0 2.598
 1.336 0.924 0.387 0.47 0.962 0.996 0.994 2.668
 1.092 0.981 0.661 0.787 1.0 0.95 0.995 2.452
 0.915 0.984 0.81 0.97 0.93 0.847 0.962 2.901
 0.943 1.003 0.914 0.998 0.821 0.47 0.914 2.673
 0.995 0.982 0.985 0.991 0.719 0.248 0.837 2.56
 1.031 1.146 0.979 0.96 0.661 0.0 0.774 2.726
 1.107 1.12 0.945 0.999 0.816 0.726 0.87 2.328
 1.152 1.088 0.962 0.999 0.895 0.387 0.837 2.822
 1.221 1.298 0.998 0.857 0.439 0.0 0.76 3.002
 1.219 1.231 0.997 0.87 0.0 0.498 1.043 2.806
 1.219 1.012 1.0 0.887 0.0 0.549 0.916 2.622
 1.166 1.287 1.0 0.962 0.726 0.387 0.719 2.338
 1.056 1.216 0.993 0.821 0.0 0.215 0.76 3.023
 0.935 1.236 0.996 0.816 0.387 0.0 0.865 2.386
 0.951 1.151 0.93 0.761 0.0 0.455 0.848 2.281
Next run
 2.011 0.97 0.87 0.741 0.857 0.837 1.094 4.125
 1.516 0.0 0.483 0.0 0.711 0.927 1.073 3.062
 1.564 0.805 0.719 0.0 0.326 0.857 0.949 2.712
 1.318 0.895 0.81 0.957 0.991 0.832 0.968 2.675
 1.505 0.899 0.95 0.748 0.0 0.498 1.099 2.794
 1.074 0.956 0.687 0.0 0.805 0.936 0.899 2.747
 1.23 1.1 0.0 0.511 0.955 1.0 0.997 2.709
 1.303 0.899 0.604 0.81 0.974 0.998 1.0 2.598
 1.336 0.924 0.387 0.47 0.962 0.996 0.994 2.668
 1.092 0.981 0.661 0.787 1.0 0.95 0.995 2.452
 0.915 0.984 0.81 0.97 0.93 0.847 0.962 2.901
 0.943 1.003 0.914 0.998 0.821 0.47 0.914 2.673
 0.995 0.982 0.985 0.991 0.719 0.248 0.837 2.56
 1.031 1.146 0.979 0.96 0.661 0.0 0.774 2.726
 1.107 1.12 0.945 0.999 0.816 0.726 0.87 2.328
 1.152 1.088 0.962 0.999 0.895 0.387 0.837 2.822
 1.221 1.298 0.998 0.857 0.439 0.0 0.76 3.002
 1.219 1.231 0.997 0.87 0.0 0.498 1.043 2.806
 1.219 1.012 1.0 0.887 0.0 0.549 0.916 2.622
 1.166 1.287 1.0 0.962 0.726 0.387 0.719 2.338
 1.056 1.216 0.993 0.821 0.0 0.215 0.76 3.023
 0.935 1.236 0.996 0.816 0.387 0.0 0.865 2.386
 0.951 1.151 0.93 0.761 0.0 0.455 0.848 2.281
 1.053 1.182 0.933 0.326 0.0 0.921 1.082 2.441
Next run
 2.011 0.97 0.87 0.741 0.857 0.837 1.094 4.125
 1.516 0.0 0.483 0.0 0.711 0.927 1.073 3.062
 1.564 0.805 0.719 0.0 0.326 0.857 0.949 2.712
 1.318 0.895 0.81 0.957 0.991 0.832 0.968 2.675
 1.505 0.899 0.95 0.748 0.0 0.498 1.099 2.794
 1.074 0.956 0.687 0.0 0.805 0.936 0.899 2.747
 1.23 1.1 0.0 0.511 0.955 1.0 0.997 2.709
 1.303 0.899 0.604 0.81 0.974 0.998 1.0 2.598
 1.336 0.924 0.387 0.47 0.962 0.996 0.994 2.668
 1.092 0.981 0.661 0.787 1.0 0.95 0.995 2.452
 0.915 0.984 0.81 0.97 0.93 0.847 0.962 2.901
 0.943 1.003 0.914 0.998 0.821 0.47 0.914 2.673
 0.995 0.982 0.985 0.991 0.719 0.248 0.837 2.56
 1.031 1.146 0.979 0.96 0.661 0.0 0.774 2.726
 1.107 1.12 0.945 0.999 0.816 0.726 0.87 2.328
 1.152 1.088 0.962 0.999 0.895 0.387 0.837 2.822
 1.221 1.298 0.998 0.857 0.439 0.0 0.76 3.002
 1.219 1.231 0.997 0.87 0.0 0.498 1.043 2.806
 1.219 1.012 1.0 0.887 0.0 0.549 0.916 2.622
 1.166 1.287 1.0 0.962 0.726 0.387 0.719 2.338
 1.056 1.216 0.993 0.821 0.0 0.215 0.76 3.023
 0.935 1.236 0.996 0.816 0.387 0.0 0.865 2.386
 0.951 1.151 0.93 0.761 0.0 0.455 0.848 2.281
 1.053 1.182 0.933 0.326 0.0 0.921 1.082 2.441
 1.019 1.145 0.879 0.0 0.0 0.821 0.876 2.218
Next run
 2.011 0.97 0.87 0.741 0.857 0.837 1.094 4.125
 1.516 0.0 0.483 0.0 0.711 0.927 1.073 3.062
 1.564 0.805 0.719 0.0 0.326 0.857 0.949 2.712
 1.318 0.895 0.81 0.957 0.991 0.832 0.968 2.675
 1.505 0.899 0.95 0.748 0.0 0.498 1.099 2.794
 1.074 0.956 0.687 0.0 0.805 0.936 0.899 2.747
 1.23 1.1 0.0 0.511 0.955 1.0 0.997 2.709
 1.303 0.899 0.604 0.81 0.974 0.998 1.0 2.598
 1.336 0.924 0.387 0.47 0.962 0.996 0.994 2.668
 1.092 0.981 0.661 0.787 1.0 0.95 0.995 2.452
 0.915 0.984 0.81 0.97 0.93 0.847 0.962 2.901
 0.943 1.003 0.914 0.998 0.821 0.47 0.914 2.673
 0.995 0.982 0.985 0.991 0.719 0.248 0.837 2.56
 1.031 1.146 0.979 0.96 0.661 0.0 0.774 2.726
 1.107 1.12 0.945 0.999 0.816 0.726 0.87 2.328
 1.152 1.088 0.962 0.999 0.895 0.387 0.837 2.822
 1.221 1.298 0.998 0.857 0.439 0.0 0.76 3.002
 1.219 1.231 0.997 0.87 0.0 0.498 1.043 2.806
 1.219 1.012 1.0 0.887 0.0 0.549 0.916 2.622
 1.166 1.287 1.0 0.962 0.726 0.387 0.719 2.338
 1.056 1.216 0.993 0.821 0.0 0.215 0.76 3.023
 0.935 1.236 0.996 0.816 0.387 0.0 0.865 2.386
 0.951 1.151 0.93 0.761 0.0 0.455 0.848 2.281
 1.053 1.182 0.933 0.326 0.0 0.921 1.082 2.441
 1.019 1.145 0.879 0.0 0.0 0.821 0.876 2.218
 1.078 1.265 0.955 0.368 0.0 0.768 0.988 2.678
Next run
 2.011 0.97 0.87 0.741 0.857 0.837 1.094 4.125
 1.516 0.0 0.483 0.0 0.711 0.927 1.073 3.062
 1.564 0.805 0.719 0.0 0.326 0.857 0.949 2.712
 1.318 0.895 0.81 0.957 0.991 0.832 0.968 2.675
 1.505 0.899 0.95 0.748 0.0 0.498 1.099 2.794
 1.074 0.956 0.687 0.0 0.805 0.936 0.899 2.747
 1.23 1.1 0.0 0.511 0.955 1.0 0.997 2.709
 1.303 0.899 0.604 0.81 0.974 0.998 1.0 2.598
 1.336 0.924 0.387 0.47 0.962 0.996 0.994 2.668
 1.092 0.981 0.661 0.787 1.0 0.95 0.995 2.452
 0.915 0.984 0.81 0.97 0.93 0.847 0.962 2.901
 0.943 1.003 0.914 0.998 0.821 0.47 0.914 2.673
 0.995 0.982 0.985 0.991 0.719 0.248 0.837 2.56
 1.031 1.146 0.979 0.96 0.661 0.0 0.774 2.726
 1.107 1.12 0.945 0.999 0.816 0.726 0.87 2.328
 1.152 1.088 0.962 0.999 0.895 0.387 0.837 2.822
 1.221 1.298 0.998 0.857 0.439 0.0 0.76 3.002
 1.219 1.231 0.997 0.87 0.0 0.498 1.043 2.806
 1.219 1.012 1.0 0.887 0.0 0.549 0.916 2.622
 1.166 1.287 1.0 0.962 0.726 0.387 0.719 2.338
 1.056 1.216 0.993 0.821 0.0 0.215 0.76 3.023
 0.935 1.236 0.996 0.816 0.387 0.0 0.865 2.386
 0.951 1.151 0.93 0.761 0.0 0.455 0.848 2.281
 1.053 1.182 0.933 0.326 0.0 0.921 1.082 2.441
 1.019 1.145 0.879 0.0 0.0 0.821 0.876 2.218
 1.078 1.265 0.955 0.368 0.0 0.768 0.988 2.678
 1.146 1.3 0.903 0.303 0.0 0.936 0.942 2.491
Next run
 2.011 0.97 0.87 0.741 0.857 0.837 1.094 4.125
 1.516 0.0 0.483 0.0 0.711 0.927 1.073 3.062
 1.564 0.805 0.719 0.0 0.326 0.857 0.949 2.712
 1.318 0.895 0.81 0.957 0.991 0.832 0.968 2.675
 1.505 0.899 0.95 0.748 0.0 0.498 1.099 2.794
 1.074 0.956 0.687 0.0 0.805 0.936 0.899 2.747
 1.23 1.1 0.0 0.511 0.955 1.0 0.997 2.709
 1.303 0.899 0.604 0.81 0.974 0.998 1.0 2.598
 1.336 0.924 0.387 0.47 0.962 0.996 0.994 2.668
 1.092 0.981 0.661 0.787 1.0 0.95 0.995 2.452
 0.915 0.984 0.81 0.97 0.93 0.847 0.962 2.901
 0.943 1.003 0.914 0.998 0.821 0.47 0.914 2.673
 0.995 0.982 0.985 0.991 0.719 0.248 0.837 2.56
 1.031 1.146 0.979 0.96 0.661 0.0 0.774 2.726
 1.107 1.12 0.945 0.999 0.816 0.726 0.87 2.328
 1.152 1.088 0.962 0.999 0.895 0.387 0.837 2.822
 1.221 1.298 0.998 0.857 0.439 0.0 0.76 3.002
 1.219 1.231 0.997 0.87 0.0 0.498 1.043 2.806
 1.219 1.012 1.0 0.887 0.0 0.549 0.916 2.622
 1.166 1.287 1.0 0.962 0.726 0.387 0.719 2.338
 1.056 1.216 0.993 0.821 0.0 0.215 0.76 3.023
 0.935 1.236 0.996 0.816 0.387 0.0 0.865 2.386
 0.951 1.151 0.93 0.761 0.0 0.455 0.848 2.281
 1.053 1.182 0.933 0.326 0.0 0.921 1.082 2.441
 1.019 1.145 0.879 0.0 0.0 0.821 0.876 2.218
 1.078 1.265 0.955 0.368 0.0 0.768 0.988 2.678
 1.146 1.3 0.903 0.303 0.0 0.936 0.942 2.491
 1.138 1.185 0.857 0.0 0.561 0.936 0.976 3.153
Next run
 2.011 0.97 0.87 0.741 0.857 0.837 1.094 4.125
 1.516 0.0 0.483 0.0 0.711 0.927 1.073 3.062
 1.564 0.805 0.719 0.0 0.326 0.857 0.949 2.712
 1.318 0.895 0.81 0.957 0.991 0.832 0.968 2.675
 1.505 0.899 0.95 0.748 0.0 0.498 1.099 2.794
 1.074 0.956 0.687 0.0 0.805 0.936 0.899 2.747
 1.23 1.1 0.0 0.511 0.955 1.0 0.997 2.709
 1.303 0.899 0.604 0.81 0.974 0.998 1.0 2.598
 1.336 0.924 0.387 0.47 0.962 0.996 0.994 2.668
 1.092 0.981 0.661 0.787 1.0 0.95 0.995 2.452
 0.915 0.984 0.81 0.97 0.93 0.847 0.962 2.901
 0.943 1.003 0.914 0.998 0.821 0.47 0.914 2.673
 0.995 0.982 0.985 0.991 0.719 0.248 0.837 2.56
 1.031 1.146 0.979 0.96 0.661 0.0 0.774 2.726
 1.107 1.12 0.945 0.999 0.816 0.726 0.87 2.328
 1.152 1.088 0.962 0.999 0.895 0.387 0.837 2.822
 1.221 1.298 0.998 0.857 0.439 0.0 0.76 3.002
 1.219 1.231 0.997 0.87 0.0 0.498 1.043 2.806
 1.219 1.012 1.0 0.887 0.0 0.549 0.916 2.622
 1.166 1.287 1.0 0.962 0.726 0.387 0.719 2.338
 1.056 1.216 0.993 0.821 0.0 0.215 0.76 3.023
 0.935 1.236 0.996 0.816 0.387 0.0 0.865 2.386
 0.951 1.151 0.93 0.761 0.0 0.455 0.848 2.281
 1.053 1.182 0.933 0.326 0.0 0.921 1.082 2.441
 1.019 1.145 0.879 0.0 0.0 0.821 0.876 2.218
 1.078 1.265 0.955 0.368 0.0 0.768 0.988 2.678
 1.146 1.3 0.903 0.303 0.0 0.936 0.942 2.491
 1.138 1.185 0.857 0.0 0.561 0.936 0.976 3.153
 1.13 1.31 0.891 0.0 0.215 0.741 0.895 2.813
Next run
 2.011 0.97 0.87 0.741 0.857 0.837 1.094 4.125
 1.516 0.0 0.483 0.0 0.711 0.927 1.073 3.062
 1.564 0.805 0.719 0.0 0.326 0.857 0.949 2.712
 1.318 0.895 0.81 0.957 0.991 0.832 0.968 2.675
 1.505 0.899 0.95 0.748 0.0 0.498 1.099 2.794
 1.074 0.956 0.687 0.0 0.805 0.936 0.899 2.747
 1.23 1.1 0.0 0.511 0.955 1.0 0.997 2.709
 1.303 0.899 0.604 0.81 0.974 0.998 1.0 2.598
 1.336 0.924 0.387 0.47 0.962 0.996 0.994 2.668
 1.092 0.981 0.661 0.787 1.0 0.95 0.995 2.452
 0.915 0.984 0.81 0.97 0.93 0.847 0.962 2.901
 0.943 1.003 0.914 0.998 0.821 0.47 0.914 2.673
 0.995 0.982 0.985 0.991 0.719 0.248 0.837 2.56
 1.031 1.146 0.979 0.96 0.661 0.0 0.774 2.726
 1.107 1.12 0.945 0.999 0.816 0.726 0.87 2.328
 1.152 1.088 0.962 0.999 0.895 0.387 0.837 2.822
 1.221 1.298 0.998 0.857 0.439 0.0 0.76 3.002
 1.219 1.231 0.997 0.87 0.0 0.498 1.043 2.806
 1.219 1.012 1.0 0.887 0.0 0.549 0.916 2.622
 1.166 1.287 1.0 0.962 0.726 0.387 0.719 2.338
 1.056 1.216 0.993 0.821 0.0 0.215 0.76 3.023
 0.935 1.236 0.996 0.816 0.387 0.0 0.865 2.386
 0.951 1.151 0.93 0.761 0.0 0.455 0.848 2.281
 1.053 1.182 0.933 0.326 0.0 0.921 1.082 2.441
 1.019 1.145 0.879 0.0 0.0 0.821 0.876 2.218
 1.078 1.265 0.955 0.368 0.0 0.768 0.988 2.678
 1.146 1.3 0.903 0.303 0.0 0.936 0.942 2.491
 1.138 1.185 0.857 0.0 0.561 0.936 0.976 3.153
 1.13 1.31 0.891 0.0 0.215 0.741 0.895 2.813
 1.258 1.145 0.917 0.176 0.0 0.914 0.945 2.5
Next run
 2.011 0.97 0.87 0.741 0.857 0.837 1.094 4.125
 1.516 0.0 0.483 0.0 0.711 0.927 1.073 3.062
 1.564 0.805 0.719 0.0 0.326 0.857 0.949 2.712
 1.318 0.895 0.81 0.957 0.991 0.832 0.968 2.675
 1.505 0.899 0.95 0.748 0.0 0.498 1.099 2.794
 1.074 0.956 0.687 0.0 0.805 0.936 0.899 2.747
 1.23 1.1 0.0 0.511 0.955 1.0 0.997 2.709
 1.303 0.899 0.604 0.81 0.974 0.998 1.0 2.598
 1.336 0.924 0.387 0.47 0.962 0.996 0.994 2.668
 1.092 0.981 0.661 0.787 1.0 0.95 0.995 2.452
 0.915 0.984 0.81 0.97 0.93 0.847 0.962 2.901
 0.943 1.003 0.914 0.998 0.821 0.47 0.914 2.673
 0.995 0.982 0.985 0.991 0.719 0.248 0.837 2.56
 1.031 1.146 0.979 0.96 0.661 0.0 0.774 2.726
 1.107 1.12 0.945 0.999 0.816 0.726 0.87 2.328
 1.152 1.088 0.962 0.999 0.895 0.387 0.837 2.822
 1.221 1.298 0.998 0.857 0.439 0.0 0.76 3.002
 1.219 1.231 0.997 0.87 0.0 0.498 1.043 2.806
 1.219 1.012 1.0 0.887 0.0 0.549 0.916 2.622
 1.166 1.287 1.0 0.962 0.726 0.387 0.719 2.338
 1.056 1.216 0.993 0.821 0.0 0.215 0.76 3.023
 0.935 1.236 0.996 0.816 0.387 0.0 0.865 2.386
 0.951 1.151 0.93 0.761 0.0 0.455 0.848 2.281
 1.053 1.182 0.933 0.326 0.0 0.921 1.082 2.441
 1.019 1.145 0.879 0.0 0.0 0.821 0.876 2.218
 1.078 1.265 0.955 0.368 0.0 0.768 0.988 2.678
 1.146 1.3 0.903 0.303 0.0 0.936 0.942 2.491
 1.138 1.185 0.857 0.0 0.561 0.936 0.976 3.153
 1.13 1.31 0.891 0.0 0.215 0.741 0.895 2.813
 1.258 1.145 0.917 0.176 0.0 0.914 0.945 2.5
 1.244 1.263 0.827 0.0 0.498 0.952 0.95 2.429
Next run
 2.011 0.97 0.87 0.741 0.857 0.837 1.094 4.125
 1.516 0.0 0.483 0.0 0.711 0.927 1.073 3.062
 1.564 0.805 0.719 0.0 0.326 0.857 0.949 2.712
 1.318 0.895 0.81 0.957 0.991 0.832 0.968 2.675
 1.505 0.899 0.95 0.748 0.0 0.498 1.099 2.794
 1.074 0.956 0.687 0.0 0.805 0.936 0.899 2.747
 1.23 1.1 0.0 0.511 0.955 1.0 0.997 2.709
 1.303 0.899 0.604 0.81 0.974 0.998 1.0 2.598
 1.336 0.924 0.387 0.47 0.962 0.996 0.994 2.668
 1.092 0.981 0.661 0.787 1.0 0.95 0.995 2.452
 0.915 0.984 0.81 0.97 0.93 0.847 0.962 2.901
 0.943 1.003 0.914 0.998 0.821 0.47 0.914 2.673
 0.995 0.982 0.985 0.991 0.719 0.248 0.837 2.56
 1.031 1.146 0.979 0.96 0.661 0.0 0.774 2.726
 1.107 1.12 0.945 0.999 0.816 0.726 0.87 2.328
 1.152 1.088 0.962 0.999 0.895 0.387 0.837 2.822
 1.221 1.298 0.998 0.857 0.439 0.0 0.76 3.002
 1.219 1.231 0.997 0.87 0.0 0.498 1.043 2.806
 1.219 1.012 1.0 0.887 0.0 0.549 0.916 2.622
 1.166 1.287 1.0 0.962 0.726 0.387 0.719 2.338
 1.056 1.216 0.993 0.821 0.0 0.215 0.76 3.023
 0.935 1.236 0.996 0.816 0.387 0.0 0.865 2.386
 0.951 1.151 0.93 0.761 0.0 0.455 0.848 2.281
 1.053 1.182 0.933 0.326 0.0 0.921 1.082 2.441
 1.019 1.145 0.879 0.0 0.0 0.821 0.876 2.218
 1.078 1.265 0.955 0.368 0.0 0.768 0.988 2.678
 1.146 1.3 0.903 0.303 0.0 0.936 0.942 2.491
 1.138 1.185 0.857 0.0 0.561 0.936 0.976 3.153
 1.13 1.31 0.891 0.0 0.215 0.741 0.895 2.813
 1.258 1.145 0.917 0.176 0.0 0.914 0.945 2.5
 1.244 1.263 0.827 0.0 0.498 0.952 0.95 2.429
 1.158 1.291 0.93 0.0 0.439 0.95 0.986 2.551
Next run
 2.011 0.97 0.87 0.741 0.857 0.837 1.094 4.125
 1.516 0.0 0.483 0.0 0.711 0.927 1.073 3.062
 1.564 0.805 0.719 0.0 0.326 0.857 0.949 2.712
 1.318 0.895 0.81 0.957 0.991 0.832 0.968 2.675
 1.505 0.899 0.95 0.748 0.0 0.498 1.099 2.794
 1.074 0.956 0.687 0.0 0.805 0.936 0.899 2.747
 1.23 1.1 0.0 0.511 0.955 1.0 0.997 2.709
 1.303 0.899 0.604 0.81 0.974 0.998 1.0 2.598
 1.336 0.924 0.387 0.47 0.962 0.996 0.994 2.668
 1.092 0.981 0.661 0.787 1.0 0.95 0.995 2.452
 0.915 0.984 0.81 0.97 0.93 0.847 0.962 2.901
 0.943 1.003 0.914 0.998 0.821 0.47 0.914 2.673
 0.995 0.982 0.985 0.991 0.719 0.248 0.837 2.56
 1.031 1.146 0.979 0.96 0.661 0.0 0.774 2.726
 1.107 1.12 0.945 0.999 0.816 0.726 0.87 2.328
 1.152 1.088 0.962 0.999 0.895 0.387 0.837 2.822
 1.221 1.298 0.998 0.857 0.439 0.0 0.76 3.002
 1.219 1.231 0.997 0.87 0.0 0.498 1.043 2.806
 1.219 1.012 1.0 0.887 0.0 0.549 0.916 2.622
 1.166 1.287 1.0 0.962 0.726 0.387 0.719 2.338
 1.056 1.216 0.993 0.821 0.0 0.215 0.76 3.023
 0.935 1.236 0.996 0.816 0.387 0.0 0.865 2.386
 0.951 1.151 0.93 0.761 0.0 0.455 0.848 2.281
 1.053 1.182 0.933 0.326 0.0 0.921 1.082 2.441
 1.019 1.145 0.879 0.0 0.0 0.821 0.876 2.218
 1.078 1.265 0.955 0.368 0.0 0.768 0.988 2.678
 1.146 1.3 0.903 0.303 0.0 0.936 0.942 2.491
 1.138 1.185 0.857 0.0 0.561 0.936 0.976 3.153
 1.13 1.31 0.891 0.0 0.215 0.741 0.895 2.813
 1.258 1.145 0.917 0.176 0.0 0.914 0.945 2.5
 1.244 1.263 0.827 0.0 0.498 0.952 0.95 2.429
 1.158 1.291 0.93 0.0 0.439 0.95 0.986 2.551
 1.131 1.316 0.793 0.277 0.0 0.895 0.977 2.316
Next run
 2.011 0.97 0.87 0.741 0.857 0.837 1.094 4.125
 1.516 0.0 0.483 0.0 0.711 0.927 1.073 3.062
 1.564 0.805 0.719 0.0 0.326 0.857 0.949 2.712
 1.318 0.895 0.81 0.957 0.991 0.832 0.968 2.675
 1.505 0.899 0.95 0.748 0.0 0.498 1.099 2.794
 1.074 0.956 0.687 0.0 0.805 0.936 0.899 2.747
 1.23 1.1 0.0 0.511 0.955 1.0 0.997 2.709
 1.303 0.899 0.604 0.81 0.974 0.998 1.0 2.598
 1.336 0.924 0.387 0.47 0.962 0.996 0.994 2.668
 1.092 0.981 0.661 0.787 1.0 0.95 0.995 2.452
 0.915 0.984 0.81 0.97 0.93 0.847 0.962 2.901
 0.943 1.003 0.914 0.998 0.821 0.47 0.914 2.673
 0.995 0.982 0.985 0.991 0.719 0.248 0.837 2.56
 1.031 1.146 0.979 0.96 0.661 0.0 0.774 2.726
 1.107 1.12 0.945 0.999 0.816 0.726 0.87 2.328
 1.152 1.088 0.962 0.999 0.895 0.387 0.837 2.822
 1.221 1.298 0.998 0.857 0.439 0.0 0.76 3.002
 1.219 1.231 0.997 0.87 0.0 0.498 1.043 2.806
 1.219 1.012 1.0 0.887 0.0 0.549 0.916 2.622
 1.166 1.287 1.0 0.962 0.726 0.387 0.719 2.338
 1.056 1.216 0.993 0.821 0.0 0.215 0.76 3.023
 0.935 1.236 0.996 0.816 0.387 0.0 0.865 2.386
 0.951 1.151 0.93 0.761 0.0 0.455 0.848 2.281
 1.053 1.182 0.933 0.326 0.0 0.921 1.082 2.441
 1.019 1.145 0.879 0.0 0.0 0.821 0.876 2.218
 1.078 1.265 0.955 0.368 0.0 0.768 0.988 2.678
 1.146 1.3 0.903 0.303 0.0 0.936 0.942 2.491
 1.138 1.185 0.857 0.0 0.561 0.936 0.976 3.153
 1.13 1.31 0.891 0.0 0.215 0.741 0.895 2.813
 1.258 1.145 0.917 0.176 0.0 0.914 0.945 2.5
 1.244 1.263 0.827 0.0 0.498 0.952 0.95 2.429
 1.158 1.291 0.93 0.0 0.439 0.95 0.986 2.551
 1.131 1.316 0.793 0.277 0.0 0.895 0.977 2.316
 1.228 1.123 0.537 0.0 0.624 0.93 0.895 2.451
Next run
 2.011 0.97 0.87 0.741 0.857 0.837 1.094 4.125
 1.516 0.0 0.483 0.0 0.711 0.927 1.073 3.062
 1.564 0.805 0.719 0.0 0.326 0.857 0.949 2.712
 1.318 0.895 0.81 0.957 0.991 0.832 0.968 2.675
 1.505 0.899 0.95 0.748 0.0 0.498 1.099 2.794
 1.074 0.956 0.687 0.0 0.805 0.936 0.899 2.747
 1.23 1.1 0.0 0.511 0.955 1.0 0.997 2.709
 1.303 0.899 0.604 0.81 0.974 0.998 1.0 2.598
 1.336 0.924 0.387 0.47 0.962 0.996 0.994 2.668
 1.092 0.981 0.661 0.787 1.0 0.95 0.995 2.452
 0.915 0.984 0.81 0.97 0.93 0.847 0.962 2.901
 0.943 1.003 0.914 0.998 0.821 0.47 0.914 2.673
 0.995 0.982 0.985 0.991 0.719 0.248 0.837 2.56
 1.031 1.146 0.979 0.96 0.661 0.0 0.774 2.726
 1.107 1.12 0.945 0.999 0.816 0.726 0.87 2.328
 1.152 1.088 0.962 0.999 0.895 0.387 0.837 2.822
 1.221 1.298 0.998 0.857 0.439 0.0 0.76 3.002
 1.219 1.231 0.997 0.87 0.0 0.498 1.043 2.806
 1.219 1.012 1.0 0.887 0.0 0.549 0.916 2.622
 1.166 1.287 1.0 0.962 0.726 0.387 0.719 2.338
 1.056 1.216 0.993 0.821 0.0 0.215 0.76 3.023
 0.935 1.236 0.996 0.816 0.387 0.0 0.865 2.386
 0.951 1.151 0.93 0.761 0.0 0.455 0.848 2.281
 1.053 1.182 0.933 0.326 0.0 0.921 1.082 2.441
 1.019 1.145 0.879 0.0 0.0 0.821 0.876 2.218
 1.078 1.265 0.955 0.368 0.0 0.768 0.988 2.678
 1.146 1.3 0.903 0.303 0.0 0.936 0.942 2.491
 1.138 1.185 0.857 0.0 0.561 0.936 0.976 3.153
 1.13 1.31 0.891 0.0 0.215 0.741 0.895 2.813
 1.258 1.145 0.917 0.176 0.0 0.914 0.945 2.5
 1.244 1.263 0.827 0.0 0.498 0.952 0.95 2.429
 1.158 1.291 0.93 0.0 0.439 0.95 0.986 2.551
 1.131 1.316 0.793 0.277 0.0 0.895 0.977 2.316
 1.228 1.123 0.537 0.0 0.624 0.93 0.895 2.451
 1.15 1.202 0.741 0.0 0.748 0.955 0.964 2.822
Next run
 2.011 0.97 0.87 0.741 0.857 0.837 1.094 4.125
 1.516 0.0 0.483 0.0 0.711 0.927 1.073 3.062
 1.564 0.805 0.719 0.0 0.326 0.857 0.949 2.712
 1.318 0.895 0.81 0.957 0.991 0.832 0.968 2.675
 1.505 0.899 0.95 0.748 0.0 0.498 1.099 2.794
 1.074 0.956 0.687 0.0 0.805 0.936 0.899 2.747
 1.23 1.1 0.0 0.511 0.955 1.0 0.997 2.709
 1.303 0.899 0.604 0.81 0.974 0.998 1.0 2.598
 1.336 0.924 0.387 0.47 0.962 0.996 0.994 2.668
 1.092 0.981 0.661 0.787 1.0 0.95 0.995 2.452
 0.915 0.984 0.81 0.97 0.93 0.847 0.962 2.901
 0.943 1.003 0.914 0.998 0.821 0.47 0.914 2.673
 0.995 0.982 0.985 0.991 0.719 0.248 0.837 2.56
 1.031 1.146 0.979 0.96 0.661 0.0 0.774 2.726
 1.107 1.12 0.945 0.999 0.816 0.726 0.87 2.328
 1.152 1.088 0.962 0.999 0.895 0.387 0.837 2.822
 1.221 1.298 0.998 0.857 0.439 0.0 0.76 3.002
 1.219 1.231 0.997 0.87 0.0 0.498 1.043 2.806
 1.219 1.012 1.0 0.887 0.0 0.549 0.916 2.622
 1.166 1.287 1.0 0.962 0.726 0.387 0.719 2.338
 1.056 1.216 0.993 0.821 0.0 0.215 0.76 3.023
 0.935 1.236 0.996 0.816 0.387 0.0 0.865 2.386
 0.951 1.151 0.93 0.761 0.0 0.455 0.848 2.281
 1.053 1.182 0.933 0.326 0.0 0.921 1.082 2.441
 1.019 1.145 0.879 0.0 0.0 0.821 0.876 2.218
 1.078 1.265 0.955 0.368 0.0 0.768 0.988 2.678
 1.146 1.3 0.903 0.303 0.0 0.936 0.942 2.491
 1.138 1.185 0.857 0.0 0.561 0.936 0.976 3.153
 1.13 1.31 0.891 0.0 0.215 0.741 0.895 2.813
 1.258 1.145 0.917 0.176 0.0 0.914 0.945 2.5
 1.244 1.263 0.827 0.0 0.498 0.952 0.95 2.429
 1.158 1.291 0.93 0.0 0.439 0.95 0.986 2.551
 1.131 1.316 0.793 0.277 0.0 0.895 0.977 2.316
 1.228 1.123 0.537 0.0 0.624 0.93 0.895 2.451
 1.15 1.202 0.741 0.0 0.748 0.955 0.964 2.822
 1.246 1.231 0.793 0.0 0.348 0.643 0.916 2.706
Next run
 2.011 0.97 0.87 0.741 0.857 0.837 1.094 4.125
 1.516 0.0 0.483 0.0 0.711 0.927 1.073 3.062
 1.564 0.805 0.719 0.0 0.326 0.857 0.949 2.712
 1.318 0.895 0.81 0.957 0.991 0.832 0.968 2.675
 1.505 0.899 0.95 0.748 0.0 0.498 1.099 2.794
 1.074 0.956 0.687 0.0 0.805 0.936 0.899 2.747
 1.23 1.1 0.0 0.511 0.955 1.0 0.997 2.709
 1.303 0.899 0.604 0.81 0.974 0.998 1.0 2.598
 1.336 0.924 0.387 0.47 0.962 0.996 0.994 2.668
 1.092 0.981 0.661 0.787 1.0 0.95 0.995 2.452
 0.915 0.984 0.81 0.97 0.93 0.847 0.962 2.901
 0.943 1.003 0.914 0.998 0.821 0.47 0.914 2.673
 0.995 0.982 0.985 0.991 0.719 0.248 0.837 2.56
 1.031 1.146 0.979 0.96 0.661 0.0 0.774 2.726
 1.107 1.12 0.945 0.999 0.816 0.726 0.87 2.328
 1.152 1.088 0.962 0.999 0.895 0.387 0.837 2.822
 1.221 1.298 0.998 0.857 0.439 0.0 0.76 3.002
 1.219 1.231 0.997 0.87 0.0 0.498 1.043 2.806
 1.219 1.012 1.0 0.887 0.0 0.549 0.916 2.622
 1.166 1.287 1.0 0.962 0.726 0.387 0.719 2.338
 1.056 1.216 0.993 0.821 0.0 0.215 0.76 3.023
 0.935 1.236 0.996 0.816 0.387 0.0 0.865 2.386
 0.951 1.151 0.93 0.761 0.0 0.455 0.848 2.281
 1.053 1.182 0.933 0.326 0.0 0.921 1.082 2.441
 1.019 1.145 0.879 0.0 0.0 0.821 0.876 2.218
 1.078 1.265 0.955 0.368 0.0 0.768 0.988 2.678
 1.146 1.3 0.903 0.303 0.0 0.936 0.942 2.491
 1.138 1.185 0.857 0.0 0.561 0.936 0.976 3.153
 1.13 1.31 0.891 0.0 0.215 0.741 0.895 2.813
 1.258 1.145 0.917 0.176 0.0 0.914 0.945 2.5
 1.244 1.263 0.827 0.0 0.498 0.952 0.95 2.429
 1.158 1.291 0.93 0.0 0.439 0.95 0.986 2.551
 1.131 1.316 0.793 0.277 0.0 0.895 0.977 2.316
 1.228 1.123 0.537 0.0 0.624 0.93 0.895 2.451
 1.15 1.202 0.741 0.0 0.748 0.955 0.964 2.822
 1.246 1.231 0.793 0.0 0.348 0.643 0.916 2.706
 1.293 1.213 0.816 0.0 0.604 0.942 0.942 2.732
Next run
 2.011 0.97 0.87 0.741 0.857 0.837 1.094 4.125
 1.516 0.0 0.483 0.0 0.711 0.927 1.073 3.062
 1.564 0.805 0.719 0.0 0.326 0.857 0.949 2.712
 1.318 0.895 0.81 0.957 0.991 0.832 0.968 2.675
 1.505 0.899 0.95 0.748 0.0 0.498 1.099 2.794
 1.074 0.956 0.687 0.0 0.805 0.936 0.899 2.747
 1.23 1.1 0.0 0.511 0.955 1.0 0.997 2.709
 1.303 0.899 0.604 0.81 0.974 0.998 1.0 2.598
 1.336 0.924 0.387 0.47 0.962 0.996 0.994 2.668
 1.092 0.981 0.661 0.787 1.0 0.95 0.995 2.452
 0.915 0.984 0.81 0.97 0.93 0.847 0.962 2.901
 0.943 1.003 0.914 0.998 0.821 0.47 0.914 2.673
 0.995 0.982 0.985 0.991 0.719 0.248 0.837 2.56
 1.031 1.146 0.979 0.96 0.661 0.0 0.774 2.726
 1.107 1.12 0.945 0.999 0.816 0.726 0.87 2.328
 1.152 1.088 0.962 0.999 0.895 0.387 0.837 2.822
 1.221 1.298 0.998 0.857 0.439 0.0 0.76 3.002
 1.219 1.231 0.997 0.87 0.0 0.498 1.043 2.806
 1.219 1.012 1.0 0.887 0.0 0.549 0.916 2.622
 1.166 1.287 1.0 0.962 0.726 0.387 0.719 2.338
 1.056 1.216 0.993 0.821 0.0 0.215 0.76 3.023
 0.935 1.236 0.996 0.816 0.387 0.0 0.865 2.386
 0.951 1.151 0.93 0.761 0.0 0.455 0.848 2.281
 1.053 1.182 0.933 0.326 0.0 0.921 1.082 2.441
 1.019 1.145 0.879 0.0 0.0 0.821 0.876 2.218
 1.078 1.265 0.955 0.368 0.0 0.768 0.988 2.678
 1.146 1.3 0.903 0.303 0.0 0.936 0.942 2.491
 1.138 1.185 0.857 0.0 0.561 0.936 0.976 3.153
 1.13 1.31 0.891 0.0 0.215 0.741 0.895 2.813
 1.258 1.145 0.917 0.176 0.0 0.914 0.945 2.5
 1.244 1.263 0.827 0.0 0.498 0.952 0.95 2.429
 1.158 1.291 0.93 0.0 0.439 0.95 0.986 2.551
 1.131 1.316 0.793 0.277 0.0 0.895 0.977 2.316
 1.228 1.123 0.537 0.0 0.624 0.93 0.895 2.451
 1.15 1.202 0.741 0.0 0.748 0.955 0.964 2.822
 1.246 1.231 0.793 0.0 0.348 0.643 0.916 2.706
 1.293 1.213 0.816 0.0 0.604 0.942 0.942 2.732
 1.214 1.139 0.679 0.0 0.511 0.966 0.995 2.652
Next run
 2.011 0.97 0.87 0.741 0.857 0.837 1.094 4.125
 1.516 0.0 0.483 0.0 0.711 0.927 1.073 3.062
 1.564 0.805 0.719 0.0 0.326 0.857 0.949 2.712
 1.318 0.895 0.81 0.957 0.991 0.832 0.968 2.675
 1.505 0.899 0.95 0.748 0.0 0.498 1.099 2.794
 1.074 0.956 0.687 0.0 0.805 0.936 0.899 2.747
 1.23 1.1 0.0 0.511 0.955 1.0 0.997 2.709
 1.303 0.899 0.604 0.81 0.974 0.998 1.0 2.598
 1.336 0.924 0.387 0.47 0.962 0.996 0.994 2.668
 1.092 0.981 0.661 0.787 1.0 0.95 0.995 2.452
 0.915 0.984 0.81 0.97 0.93 0.847 0.962 2.901
 0.943 1.003 0.914 0.998 0.821 0.47 0.914 2.673
 0.995 0.982 0.985 0.991 0.719 0.248 0.837 2.56
 1.031 1.146 0.979 0.96 0.661 0.0 0.774 2.726
 1.107 1.12 0.945 0.999 0.816 0.726 0.87 2.328
 1.152 1.088 0.962 0.999 0.895 0.387 0.837 2.822
 1.221 1.298 0.998 0.857 0.439 0.0 0.76 3.002
 1.219 1.231 0.997 0.87 0.0 0.498 1.043 2.806
 1.219 1.012 1.0 0.887 0.0 0.549 0.916 2.622
 1.166 1.287 1.0 0.962 0.726 0.387 0.719 2.338
 1.056 1.216 0.993 0.821 0.0 0.215 0.76 3.023
 0.935 1.236 0.996 0.816 0.387 0.0 0.865 2.386
 0.951 1.151 0.93 0.761 0.0 0.455 0.848 2.281
 1.053 1.182 0.933 0.326 0.0 0.921 1.082 2.441
 1.019 1.145 0.879 0.0 0.0 0.821 0.876 2.218
 1.078 1.265 0.955 0.368 0.0 0.768 0.988 2.678
 1.146 1.3 0.903 0.303 0.0 0.936 0.942 2.491
 1.138 1.185 0.857 0.0 0.561 0.936 0.976 3.153
 1.13 1.31 0.891 0.0 0.215 0.741 0.895 2.813
 1.258 1.145 0.917 0.176 0.0 0.914 0.945 2.5
 1.244 1.263 0.827 0.0 0.498 0.952 0.95 2.429
 1.158 1.291 0.93 0.0 0.439 0.95 0.986 2.551
 1.131 1.316 0.793 0.277 0.0 0.895 0.977 2.316
 1.228 1.123 0.537 0.0 0.624 0.93 0.895 2.451
 1.15 1.202 0.741 0.0 0.748 0.955 0.964 2.822
 1.246 1.231 0.793 0.0 0.348 0.643 0.916 2.706
 1.293 1.213 0.816 0.0 0.604 0.942 0.942 2.732
 1.214 1.139 0.679 0.0 0.511 0.966 0.995 2.652
 1.348 1.31 0.711 0.0 0.755 0.947 1.049 2.66
Next run
 2.011 0.97 0.87 0.741 0.857 0.837 1.094 4.125
 1.516 0.0 0.483 0.0 0.711 0.927 1.073 3.062
 1.564 0.805 0.719 0.0 0.326 0.857 0.949 2.712
 1.318 0.895 0.81 0.957 0.991 0.832 0.968 2.675
 1.505 0.899 0.95 0.748 0.0 0.498 1.099 2.794
 1.074 0.956 0.687 0.0 0.805 0.936 0.899 2.747
 1.23 1.1 0.0 0.511 0.955 1.0 0.997 2.709
 1.303 0.899 0.604 0.81 0.974 0.998 1.0 2.598
 1.336 0.924 0.387 0.47 0.962 0.996 0.994 2.668
 1.092 0.981 0.661 0.787 1.0 0.95 0.995 2.452
 0.915 0.984 0.81 0.97 0.93 0.847 0.962 2.901
 0.943 1.003 0.914 0.998 0.821 0.47 0.914 2.673
 0.995 0.982 0.985 0.991 0.719 0.248 0.837 2.56
 1.031 1.146 0.979 0.96 0.661 0.0 0.774 2.726
 1.107 1.12 0.945 0.999 0.816 0.726 0.87 2.328
 1.152 1.088 0.962 0.999 0.895 0.387 0.837 2.822
 1.221 1.298 0.998 0.857 0.439 0.0 0.76 3.002
 1.219 1.231 0.997 0.87 0.0 0.498 1.043 2.806
 1.219 1.012 1.0 0.887 0.0 0.549 0.916 2.622
 1.166 1.287 1.0 0.962 0.726 0.387 0.719 2.338
 1.056 1.216 0.993 0.821 0.0 0.215 0.76 3.023
 0.935 1.236 0.996 0.816 0.387 0.0 0.865 2.386
 0.951 1.151 0.93 0.761 0.0 0.455 0.848 2.281
 1.053 1.182 0.933 0.326 0.0 0.921 1.082 2.441
 1.019 1.145 0.879 0.0 0.0 0.821 0.876 2.218
 1.078 1.265 0.955 0.368 0.0 0.768 0.988 2.678
 1.146 1.3 0.903 0.303 0.0 0.936 0.942 2.491
 1.138 1.185 0.857 0.0 0.561 0.936 0.976 3.153
 1.13 1.31 0.891 0.0 0.215 0.741 0.895 2.813
 1.258 1.145 0.917 0.176 0.0 0.914 0.945 2.5
 1.244 1.263 0.827 0.0 0.498 0.952 0.95 2.429
 1.158 1.291 0.93 0.0 0.439 0.95 0.986 2.551
 1.131 1.316 0.793 0.277 0.0 0.895 0.977 2.316
 1.228 1.123 0.537 0.0 0.624 0.93 0.895 2.451
 1.15 1.202 0.741 0.0 0.748 0.955 0.964 2.822
 1.246 1.231 0.793 0.0 0.348 0.643 0.916 2.706
 1.293 1.213 0.816 0.0 0.604 0.942 0.942 2.732
 1.214 1.139 0.679 0.0 0.511 0.966 0.995 2.652
 1.348 1.31 0.711 0.0 0.755 0.947 1.049 2.66
 1.232 1.177 0.761 0.0 0.572 0.679 0.966 2.257
Next run
 2.011 0.97 0.87 0.741 0.857 0.837 1.094 4.125
 1.516 0.0 0.483 0.0 0.711 0.927 1.073 3.062
 1.564 0.805 0.719 0.0 0.326 0.857 0.949 2.712
 1.318 0.895 0.81 0.957 0.991 0.832 0.968 2.675
 1.505 0.899 0.95 0.748 0.0 0.498 1.099 2.794
 1.074 0.956 0.687 0.0 0.805 0.936 0.899 2.747
 1.23 1.1 0.0 0.511 0.955 1.0 0.997 2.709
 1.303 0.899 0.604 0.81 0.974 0.998 1.0 2.598
 1.336 0.924 0.387 0.47 0.962 0.996 0.994 2.668
 1.092 0.981 0.661 0.787 1.0 0.95 0.995 2.452
 0.915 0.984 0.81 0.97 0.93 0.847 0.962 2.901
 0.943 1.003 0.914 0.998 0.821 0.47 0.914 2.673
 0.995 0.982 0.985 0.991 0.719 0.248 0.837 2.56
 1.031 1.146 0.979 0.96 0.661 0.0 0.774 2.726
 1.107 1.12 0.945 0.999 0.816 0.726 0.87 2.328
 1.152 1.088 0.962 0.999 0.895 0.387 0.837 2.822
 1.221 1.298 0.998 0.857 0.439 0.0 0.76 3.002
 1.219 1.231 0.997 0.87 0.0 0.498 1.043 2.806
 1.219 1.012 1.0 0.887 0.0 0.549 0.916 2.622
 1.166 1.287 1.0 0.962 0.726 0.387 0.719 2.338
 1.056 1.216 0.993 0.821 0.0 0.215 0.76 3.023
 0.935 1.236 0.996 0.816 0.387 0.0 0.865 2.386
 0.951 1.151 0.93 0.761 0.0 0.455 0.848 2.281
 1.053 1.182 0.933 0.326 0.0 0.921 1.082 2.441
 1.019 1.145 0.879 0.0 0.0 0.821 0.876 2.218
 1.078 1.265 0.955 0.368 0.0 0.768 0.988 2.678
 1.146 1.3 0.903 0.303 0.0 0.936 0.942 2.491
 1.138 1.185 0.857 0.0 0.561 0.936 0.976 3.153
 1.13 1.31 0.891 0.0 0.215 0.741 0.895 2.813
 1.258 1.145 0.917 0.176 0.0 0.914 0.945 2.5
 1.244 1.263 0.827 0.0 0.498 0.952 0.95 2.429
 1.158 1.291 0.93 0.0 0.439 0.95 0.986 2.551
 1.131 1.316 0.793 0.277 0.0 0.895 0.977 2.316
 1.228 1.123 0.537 0.0 0.624 0.93 0.895 2.451
 1.15 1.202 0.741 0.0 0.748 0.955 0.964 2.822
 1.246 1.231 0.793 0.0 0.348 0.643 0.916 2.706
 1.293 1.213 0.816 0.0 0.604 0.942 0.942 2.732
 1.214 1.139 0.679 0.0 0.511 0.966 0.995 2.652
 1.348 1.31 0.711 0.0 0.755 0.947 1.049 2.66
 1.232 1.177 0.761 0.0 0.572 0.679 0.966 2.257
 1.368 0.961 0.634 0.0 0.652 0.957 0.988 2.46
Next run
 2.011 0.97 0.87 0.741 0.857 0.837 1.094 4.125
 1.516 0.0 0.483 0.0 0.711 0.927 1.073 3.062
 1.564 0.805 0.719 0.0 0.326 0.857 0.949 2.712
 1.318 0.895 0.81 0.957 0.991 0.832 0.968 2.675
 1.505 0.899 0.95 0.748 0.0 0.498 1.099 2.794
 1.074 0.956 0.687 0.0 0.805 0.936 0.899 2.747
 1.23 1.1 0.0 0.511 0.955 1.0 0.997 2.709
 1.303 0.899 0.604 0.81 0.974 0.998 1.0 2.598
 1.336 0.924 0.387 0.47 0.962 0.996 0.994 2.668
 1.092 0.981 0.661 0.787 1.0 0.95 0.995 2.452
 0.915 0.984 0.81 0.97 0.93 0.847 0.962 2.901
 0.943 1.003 0.914 0.998 0.821 0.47 0.914 2.673
 0.995 0.982 0.985 0.991 0.719 0.248 0.837 2.56
 1.031 1.146 0.979 0.96 0.661 0.0 0.774 2.726
 1.107 1.12 0.945 0.999 0.816 0.726 0.87 2.328
 1.152 1.088 0.962 0.999 0.895 0.387 0.837 2.822
 1.221 1.298 0.998 0.857 0.439 0.0 0.76 3.002
 1.219 1.231 0.997 0.87 0.0 0.498 1.043 2.806
 1.219 1.012 1.0 0.887 0.0 0.549 0.916 2.622
 1.166 1.287 1.0 0.962 0.726 0.387 0.719 2.338
 1.056 1.216 0.993 0.821 0.0 0.215 0.76 3.023
 0.935 1.236 0.996 0.816 0.387 0.0 0.865 2.386
 0.951 1.151 0.93 0.761 0.0 0.455 0.848 2.281
 1.053 1.182 0.933 0.326 0.0 0.921 1.082 2.441
 1.019 1.145 0.879 0.0 0.0 0.821 0.876 2.218
 1.078 1.265 0.955 0.368 0.0 0.768 0.988 2.678
 1.146 1.3 0.903 0.303 0.0 0.936 0.942 2.491
 1.138 1.185 0.857 0.0 0.561 0.936 0.976 3.153
 1.13 1.31 0.891 0.0 0.215 0.741 0.895 2.813
 1.258 1.145 0.917 0.176 0.0 0.914 0.945 2.5
 1.244 1.263 0.827 0.0 0.498 0.952 0.95 2.429
 1.158 1.291 0.93 0.0 0.439 0.95 0.986 2.551
 1.131 1.316 0.793 0.277 0.0 0.895 0.977 2.316
 1.228 1.123 0.537 0.0 0.624 0.93 0.895 2.451
 1.15 1.202 0.741 0.0 0.748 0.955 0.964 2.822
 1.246 1.231 0.793 0.0 0.348 0.643 0.916 2.706
 1.293 1.213 0.816 0.0 0.604 0.942 0.942 2.732
 1.214 1.139 0.679 0.0 0.511 0.966 0.995 2.652
 1.348 1.31 0.711 0.0 0.755 0.947 1.049 2.66
 1.232 1.177 0.761 0.0 0.572 0.679 0.966 2.257
 1.368 0.961 0.634 0.0 0.652 0.957 0.988 2.46
 1.127 1.315 0.821 0.0 0.748 0.952 0.914 2.388
Next run
 2.011 0.97 0.87 0.741 0.857 0.837 1.094 4.125
 1.516 0.0 0.483 0.0 0.711 0.927 1.073 3.062
 1.564 0.805 0.719 0.0 0.326 0.857 0.949 2.712
 1.318 0.895 0.81 0.957 0.991 0.832 0.968 2.675
 1.505 0.899 0.95 0.748 0.0 0.498 1.099 2.794
 1.074 0.956 0.687 0.0 0.805 0.936 0.899 2.747
 1.23 1.1 0.0 0.511 0.955 1.0 0.997 2.709
 1.303 0.899 0.604 0.81 0.974 0.998 1.0 2.598
 1.336 0.924 0.387 0.47 0.962 0.996 0.994 2.668
 1.092 0.981 0.661 0.787 1.0 0.95 0.995 2.452
 0.915 0.984 0.81 0.97 0.93 0.847 0.962 2.901
 0.943 1.003 0.914 0.998 0.821 0.47 0.914 2.673
 0.995 0.982 0.985 0.991 0.719 0.248 0.837 2.56
 1.031 1.146 0.979 0.96 0.661 0.0 0.774 2.726
 1.107 1.12 0.945 0.999 0.816 0.726 0.87 2.328
 1.152 1.088 0.962 0.999 0.895 0.387 0.837 2.822
 1.221 1.298 0.998 0.857 0.439 0.0 0.76 3.002
 1.219 1.231 0.997 0.87 0.0 0.498 1.043 2.806
 1.219 1.012 1.0 0.887 0.0 0.549 0.916 2.622
 1.166 1.287 1.0 0.962 0.726 0.387 0.719 2.338
 1.056 1.216 0.993 0.821 0.0 0.215 0.76 3.023
 0.935 1.236 0.996 0.816 0.387 0.0 0.865 2.386
 0.951 1.151 0.93 0.761 0.0 0.455 0.848 2.281
 1.053 1.182 0.933 0.326 0.0 0.921 1.082 2.441
 1.019 1.145 0.879 0.0 0.0 0.821 0.876 2.218
 1.078 1.265 0.955 0.368 0.0 0.768 0.988 2.678
 1.146 1.3 0.903 0.303 0.0 0.936 0.942 2.491
 1.138 1.185 0.857 0.0 0.561 0.936 0.976 3.153
 1.13 1.31 0.891 0.0 0.215 0.741 0.895 2.813
 1.258 1.145 0.917 0.176 0.0 0.914 0.945 2.5
 1.244 1.263 0.827 0.0 0.498 0.952 0.95 2.429
 1.158 1.291 0.93 0.0 0.439 0.95 0.986 2.551
 1.131 1.316 0.793 0.277 0.0 0.895 0.977 2.316
 1.228 1.123 0.537 0.0 0.624 0.93 0.895 2.451
 1.15 1.202 0.741 0.0 0.748 0.955 0.964 2.822
 1.246 1.231 0.793 0.0 0.348 0.643 0.916 2.706
 1.293 1.213 0.816 0.0 0.604 0.942 0.942 2.732
 1.214 1.139 0.679 0.0 0.511 0.966 0.995 2.652
 1.348 1.31 0.711 0.0 0.755 0.947 1.049 2.66
 1.232 1.177 0.761 0.0 0.572 0.679 0.966 2.257
 1.368 0.961 0.634 0.0 0.652 0.957 0.988 2.46
 1.127 1.315 0.821 0.0 0.748 0.952 0.914 2.388
 1.318 1.253 0.781 0.0 0.406 0.799 1.093 2.653
Next run
 2.011 0.97 0.87 0.741 0.857 0.837 1.094 4.125
 1.516 0.0 0.483 0.0 0.711 0.927 1.073 3.062
 1.564 0.805 0.719 0.0 0.326 0.857 0.949 2.712
 1.318 0.895 0.81 0.957 0.991 0.832 0.968 2.675
 1.505 0.899 0.95 0.748 0.0 0.498 1.099 2.794
 1.074 0.956 0.687 0.0 0.805 0.936 0.899 2.747
 1.23 1.1 0.0 0.511 0.955 1.0 0.997 2.709
 1.303 0.899 0.604 0.81 0.974 0.998 1.0 2.598
 1.336 0.924 0.387 0.47 0.962 0.996 0.994 2.668
 1.092 0.981 0.661 0.787 1.0 0.95 0.995 2.452
 0.915 0.984 0.81 0.97 0.93 0.847 0.962 2.901
 0.943 1.003 0.914 0.998 0.821 0.47 0.914 2.673
 0.995 0.982 0.985 0.991 0.719 0.248 0.837 2.56
 1.031 1.146 0.979 0.96 0.661 0.0 0.774 2.726
 1.107 1.12 0.945 0.999 0.816 0.726 0.87 2.328
 1.152 1.088 0.962 0.999 0.895 0.387 0.837 2.822
 1.221 1.298 0.998 0.857 0.439 0.0 0.76 3.002
 1.219 1.231 0.997 0.87 0.0 0.498 1.043 2.806
 1.219 1.012 1.0 0.887 0.0 0.549 0.916 2.622
 1.166 1.287 1.0 0.962 0.726 0.387 0.719 2.338
 1.056 1.216 0.993 0.821 0.0 0.215 0.76 3.023
 0.935 1.236 0.996 0.816 0.387 0.0 0.865 2.386
 0.951 1.151 0.93 0.761 0.0 0.455 0.848 2.281
 1.053 1.182 0.933 0.326 0.0 0.921 1.082 2.441
 1.019 1.145 0.879 0.0 0.0 0.821 0.876 2.218
 1.078 1.265 0.955 0.368 0.0 0.768 0.988 2.678
 1.146 1.3 0.903 0.303 0.0 0.936 0.942 2.491
 1.138 1.185 0.857 0.0 0.561 0.936 0.976 3.153
 1.13 1.31 0.891 0.0 0.215 0.741 0.895 2.813
 1.258 1.145 0.917 0.176 0.0 0.914 0.945 2.5
 1.244 1.263 0.827 0.0 0.498 0.952 0.95 2.429
 1.158 1.291 0.93 0.0 0.439 0.95 0.986 2.551
 1.131 1.316 0.793 0.277 0.0 0.895 0.977 2.316
 1.228 1.123 0.537 0.0 0.624 0.93 0.895 2.451
 1.15 1.202 0.741 0.0 0.748 0.955 0.964 2.822
 1.246 1.231 0.793 0.0 0.348 0.643 0.916 2.706
 1.293 1.213 0.816 0.0 0.604 0.942 0.942 2.732
 1.214 1.139 0.679 0.0 0.511 0.966 0.995 2.652
 1.348 1.31 0.711 0.0 0.755 0.947 1.049 2.66
 1.232 1.177 0.761 0.0 0.572 0.679 0.966 2.257
 1.368 0.961 0.634 0.0 0.652 0.957 0.988 2.46
 1.127 1.315 0.821 0.0 0.748 0.952 0.914 2.388
 1.318 1.253 0.781 0.0 0.406 0.799 1.093 2.653
 1.192 0.93 0.512 0.0 0.842 0.955 0.93 2.266
Next run
 2.011 0.97 0.87 0.741 0.857 0.837 1.094 4.125
 1.516 0.0 0.483 0.0 0.711 0.927 1.073 3.062
 1.564 0.805 0.719 0.0 0.326 0.857 0.949 2.712
 1.318 0.895 0.81 0.957 0.991 0.832 0.968 2.675
 1.505 0.899 0.95 0.748 0.0 0.498 1.099 2.794
 1.074 0.956 0.687 0.0 0.805 0.936 0.899 2.747
 1.23 1.1 0.0 0.511 0.955 1.0 0.997 2.709
 1.303 0.899 0.604 0.81 0.974 0.998 1.0 2.598
 1.336 0.924 0.387 0.47 0.962 0.996 0.994 2.668
 1.092 0.981 0.661 0.787 1.0 0.95 0.995 2.452
 0.915 0.984 0.81 0.97 0.93 0.847 0.962 2.901
 0.943 1.003 0.914 0.998 0.821 0.47 0.914 2.673
 0.995 0.982 0.985 0.991 0.719 0.248 0.837 2.56
 1.031 1.146 0.979 0.96 0.661 0.0 0.774 2.726
 1.107 1.12 0.945 0.999 0.816 0.726 0.87 2.328
 1.152 1.088 0.962 0.999 0.895 0.387 0.837 2.822
 1.221 1.298 0.998 0.857 0.439 0.0 0.76 3.002
 1.219 1.231 0.997 0.87 0.0 0.498 1.043 2.806
 1.219 1.012 1.0 0.887 0.0 0.549 0.916 2.622
 1.166 1.287 1.0 0.962 0.726 0.387 0.719 2.338
 1.056 1.216 0.993 0.821 0.0 0.215 0.76 3.023
 0.935 1.236 0.996 0.816 0.387 0.0 0.865 2.386
 0.951 1.151 0.93 0.761 0.0 0.455 0.848 2.281
 1.053 1.182 0.933 0.326 0.0 0.921 1.082 2.441
 1.019 1.145 0.879 0.0 0.0 0.821 0.876 2.218
 1.078 1.265 0.955 0.368 0.0 0.768 0.988 2.678
 1.146 1.3 0.903 0.303 0.0 0.936 0.942 2.491
 1.138 1.185 0.857 0.0 0.561 0.936 0.976 3.153
 1.13 1.31 0.891 0.0 0.215 0.741 0.895 2.813
 1.258 1.145 0.917 0.176 0.0 0.914 0.945 2.5
 1.244 1.263 0.827 0.0 0.498 0.952 0.95 2.429
 1.158 1.291 0.93 0.0 0.439 0.95 0.986 2.551
 1.131 1.316 0.793 0.277 0.0 0.895 0.977 2.316
 1.228 1.123 0.537 0.0 0.624 0.93 0.895 2.451
 1.15 1.202 0.741 0.0 0.748 0.955 0.964 2.822
 1.246 1.231 0.793 0.0 0.348 0.643 0.916 2.706
 1.293 1.213 0.816 0.0 0.604 0.942 0.942 2.732
 1.214 1.139 0.679 0.0 0.511 0.966 0.995 2.652
 1.348 1.31 0.711 0.0 0.755 0.947 1.049 2.66
 1.232 1.177 0.761 0.0 0.572 0.679 0.966 2.257
 1.368 0.961 0.634 0.0 0.652 0.957 0.988 2.46
 1.127 1.315 0.821 0.0 0.748 0.952 0.914 2.388
 1.318 1.253 0.781 0.0 0.406 0.799 1.093 2.653
 1.192 0.93 0.512 0.0 0.842 0.955 0.93 2.266
 1.263 1.071 0.0 0.455 0.895 0.997 1.0 2.669
Next run
 2.011 0.97 0.87 0.741 0.857 0.837 1.094 4.125
 1.516 0.0 0.483 0.0 0.711 0.927 1.073 3.062
 1.564 0.805 0.719 0.0 0.326 0.857 0.949 2.712
 1.318 0.895 0.81 0.957 0.991 0.832 0.968 2.675
 1.505 0.899 0.95 0.748 0.0 0.498 1.099 2.794
 1.074 0.956 0.687 0.0 0.805 0.936 0.899 2.747
 1.23 1.1 0.0 0.511 0.955 1.0 0.997 2.709
 1.303 0.899 0.604 0.81 0.974 0.998 1.0 2.598
 1.336 0.924 0.387 0.47 0.962 0.996 0.994 2.668
 1.092 0.981 0.661 0.787 1.0 0.95 0.995 2.452
 0.915 0.984 0.81 0.97 0.93 0.847 0.962 2.901
 0.943 1.003 0.914 0.998 0.821 0.47 0.914 2.673
 0.995 0.982 0.985 0.991 0.719 0.248 0.837 2.56
 1.031 1.146 0.979 0.96 0.661 0.0 0.774 2.726
 1.107 1.12 0.945 0.999 0.816 0.726 0.87 2.328
 1.152 1.088 0.962 0.999 0.895 0.387 0.837 2.822
 1.221 1.298 0.998 0.857 0.439 0.0 0.76 3.002
 1.219 1.231 0.997 0.87 0.0 0.498 1.043 2.806
 1.219 1.012 1.0 0.887 0.0 0.549 0.916 2.622
 1.166 1.287 1.0 0.962 0.726 0.387 0.719 2.338
 1.056 1.216 0.993 0.821 0.0 0.215 0.76 3.023
 0.935 1.236 0.996 0.816 0.387 0.0 0.865 2.386
 0.951 1.151 0.93 0.761 0.0 0.455 0.848 2.281
 1.053 1.182 0.933 0.326 0.0 0.921 1.082 2.441
 1.019 1.145 0.879 0.0 0.0 0.821 0.876 2.218
 1.078 1.265 0.955 0.368 0.0 0.768 0.988 2.678
 1.146 1.3 0.903 0.303 0.0 0.936 0.942 2.491
 1.138 1.185 0.857 0.0 0.561 0.936 0.976 3.153
 1.13 1.31 0.891 0.0 0.215 0.741 0.895 2.813
 1.258 1.145 0.917 0.176 0.0 0.914 0.945 2.5
 1.244 1.263 0.827 0.0 0.498 0.952 0.95 2.429
 1.158 1.291 0.93 0.0 0.439 0.95 0.986 2.551
 1.131 1.316 0.793 0.277 0.0 0.895 0.977 2.316
 1.228 1.123 0.537 0.0 0.624 0.93 0.895 2.451
 1.15 1.202 0.741 0.0 0.748 0.955 0.964 2.822
 1.246 1.231 0.793 0.0 0.348 0.643 0.916 2.706
 1.293 1.213 0.816 0.0 0.604 0.942 0.942 2.732
 1.214 1.139 0.679 0.0 0.511 0.966 0.995 2.652
 1.348 1.31 0.711 0.0 0.755 0.947 1.049 2.66
 1.232 1.177 0.761 0.0 0.572 0.679 0.966 2.257
 1.368 0.961 0.634 0.0 0.652 0.957 0.988 2.46
 1.127 1.315 0.821 0.0 0.748 0.952 0.914 2.388
 1.318 1.253 0.781 0.0 0.406 0.799 1.093 2.653
 1.192 0.93 0.512 0.0 0.842 0.955 0.93 2.266
 1.263 1.071 0.0 0.455 0.895 0.997 1.0 2.669
 1.121 1.19 0.455 0.0 0.924 0.947 0.952 2.436
Next run
 2.011 0.97 0.87 0.741 0.857 0.837 1.094 4.125
 1.516 0.0 0.483 0.0 0.711 0.927 1.073 3.062
 1.564 0.805 0.719 0.0 0.326 0.857 0.949 2.712
 1.318 0.895 0.81 0.957 0.991 0.832 0.968 2.675
 1.505 0.899 0.95 0.748 0.0 0.498 1.099 2.794
 1.074 0.956 0.687 0.0 0.805 0.936 0.899 2.747
 1.23 1.1 0.0 0.511 0.955 1.0 0.997 2.709
 1.303 0.899 0.604 0.81 0.974 0.998 1.0 2.598
 1.336 0.924 0.387 0.47 0.962 0.996 0.994 2.668
 1.092 0.981 0.661 0.787 1.0 0.95 0.995 2.452
 0.915 0.984 0.81 0.97 0.93 0.847 0.962 2.901
 0.943 1.003 0.914 0.998 0.821 0.47 0.914 2.673
 0.995 0.982 0.985 0.991 0.719 0.248 0.837 2.56
 1.031 1.146 0.979 0.96 0.661 0.0 0.774 2.726
 1.107 1.12 0.945 0.999 0.816 0.726 0.87 2.328
 1.152 1.088 0.962 0.999 0.895 0.387 0.837 2.822
 1.221 1.298 0.998 0.857 0.439 0.0 0.76 3.002
 1.219 1.231 0.997 0.87 0.0 0.498 1.043 2.806
 1.219 1.012 1.0 0.887 0.0 0.549 0.916 2.622
 1.166 1.287 1.0 0.962 0.726 0.387 0.719 2.338
 1.056 1.216 0.993 0.821 0.0 0.215 0.76 3.023
 0.935 1.236 0.996 0.816 0.387 0.0 0.865 2.386
 0.951 1.151 0.93 0.761 0.0 0.455 0.848 2.281
 1.053 1.182 0.933 0.326 0.0 0.921 1.082 2.441
 1.019 1.145 0.879 0.0 0.0 0.821 0.876 2.218
 1.078 1.265 0.955 0.368 0.0 0.768 0.988 2.678
 1.146 1.3 0.903 0.303 0.0 0.936 0.942 2.491
 1.138 1.185 0.857 0.0 0.561 0.936 0.976 3.153
 1.13 1.31 0.891 0.0 0.215 0.741 0.895 2.813
 1.258 1.145 0.917 0.176 0.0 0.914 0.945 2.5
 1.244 1.263 0.827 0.0 0.498 0.952 0.95 2.429
 1.158 1.291 0.93 0.0 0.439 0.95 0.986 2.551
 1.131 1.316 0.793 0.277 0.0 0.895 0.977 2.316
 1.228 1.123 0.537 0.0 0.624 0.93 0.895 2.451
 1.15 1.202 0.741 0.0 0.748 0.955 0.964 2.822
 1.246 1.231 0.793 0.0 0.348 0.643 0.916 2.706
 1.293 1.213 0.816 0.0 0.604 0.942 0.942 2.732
 1.214 1.139 0.679 0.0 0.511 0.966 0.995 2.652
 1.348 1.31 0.711 0.0 0.755 0.947 1.049 2.66
 1.232 1.177 0.761 0.0 0.572 0.679 0.966 2.257
 1.368 0.961 0.634 0.0 0.652 0.957 0.988 2.46
 1.127 1.315 0.821 0.0 0.748 0.952 0.914 2.388
 1.318 1.253 0.781 0.0 0.406 0.799 1.093 2.653
 1.192 0.93 0.512 0.0 0.842 0.955 0.93 2.266
 1.263 1.071 0.0 0.455 0.895 0.997 1.0 2.669
 1.121 1.19 0.455 0.0 0.924 0.947 0.952 2.436
 0.989 1.066 0.0 0.549 0.827 0.989 1.0 2.683
Next run
 2.011 0.97 0.87 0.741 0.857 0.837 1.094 4.125
 1.516 0.0 0.483 0.0 0.711 0.927 1.073 3.062
 1.564 0.805 0.719 0.0 0.326 0.857 0.949 2.712
 1.318 0.895 0.81 0.957 0.991 0.832 0.968 2.675
 1.505 0.899 0.95 0.748 0.0 0.498 1.099 2.794
 1.074 0.956 0.687 0.0 0.805 0.936 0.899 2.747
 1.23 1.1 0.0 0.511 0.955 1.0 0.997 2.709
 1.303 0.899 0.604 0.81 0.974 0.998 1.0 2.598
 1.336 0.924 0.387 0.47 0.962 0.996 0.994 2.668
 1.092 0.981 0.661 0.787 1.0 0.95 0.995 2.452
 0.915 0.984 0.81 0.97 0.93 0.847 0.962 2.901
 0.943 1.003 0.914 0.998 0.821 0.47 0.914 2.673
 0.995 0.982 0.985 0.991 0.719 0.248 0.837 2.56
 1.031 1.146 0.979 0.96 0.661 0.0 0.774 2.726
 1.107 1.12 0.945 0.999 0.816 0.726 0.87 2.328
 1.152 1.088 0.962 0.999 0.895 0.387 0.837 2.822
 1.221 1.298 0.998 0.857 0.439 0.0 0.76 3.002
 1.219 1.231 0.997 0.87 0.0 0.498 1.043 2.806
 1.219 1.012 1.0 0.887 0.0 0.549 0.916 2.622
 1.166 1.287 1.0 0.962 0.726 0.387 0.719 2.338
 1.056 1.216 0.993 0.821 0.0 0.215 0.76 3.023
 0.935 1.236 0.996 0.816 0.387 0.0 0.865 2.386
 0.951 1.151 0.93 0.761 0.0 0.455 0.848 2.281
 1.053 1.182 0.933 0.326 0.0 0.921 1.082 2.441
 1.019 1.145 0.879 0.0 0.0 0.821 0.876 2.218
 1.078 1.265 0.955 0.368 0.0 0.768 0.988 2.678
 1.146 1.3 0.903 0.303 0.0 0.936 0.942 2.491
 1.138 1.185 0.857 0.0 0.561 0.936 0.976 3.153
 1.13 1.31 0.891 0.0 0.215 0.741 0.895 2.813
 1.258 1.145 0.917 0.176 0.0 0.914 0.945 2.5
 1.244 1.263 0.827 0.0 0.498 0.952 0.95 2.429
 1.158 1.291 0.93 0.0 0.439 0.95 0.986 2.551
 1.131 1.316 0.793 0.277 0.0 0.895 0.977 2.316
 1.228 1.123 0.537 0.0 0.624 0.93 0.895 2.451
 1.15 1.202 0.741 0.0 0.748 0.955 0.964 2.822
 1.246 1.231 0.793 0.0 0.348 0.643 0.916 2.706
 1.293 1.213 0.816 0.0 0.604 0.942 0.942 2.732
 1.214 1.139 0.679 0.0 0.511 0.966 0.995 2.652
 1.348 1.31 0.711 0.0 0.755 0.947 1.049 2.66
 1.232 1.177 0.761 0.0 0.572 0.679 0.966 2.257
 1.368 0.961 0.634 0.0 0.652 0.957 0.988 2.46
 1.127 1.315 0.821 0.0 0.748 0.952 0.914 2.388
 1.318 1.253 0.781 0.0 0.406 0.799 1.093 2.653
 1.192 0.93 0.512 0.0 0.842 0.955 0.93 2.266
 1.263 1.071 0.0 0.455 0.895 0.997 1.0 2.669
 1.121 1.19 0.455 0.0 0.924 0.947 0.952 2.436
 0.989 1.066 0.0 0.549 0.827 0.989 1.0 2.683
 0.855 1.031 0.583 0.793 0.968 0.917 0.945 2.676
Next run
 2.011 0.97 0.87 0.741 0.857 0.837 1.094 4.125
 1.516 0.0 0.483 0.0 0.711 0.927 1.073 3.062
 1.564 0.805 0.719 0.0 0.326 0.857 0.949 2.712
 1.318 0.895 0.81 0.957 0.991 0.832 0.968 2.675
 1.505 0.899 0.95 0.748 0.0 0.498 1.099 2.794
 1.074 0.956 0.687 0.0 0.805 0.936 0.899 2.747
 1.23 1.1 0.0 0.511 0.955 1.0 0.997 2.709
 1.303 0.899 0.604 0.81 0.974 0.998 1.0 2.598
 1.336 0.924 0.387 0.47 0.962 0.996 0.994 2.668
 1.092 0.981 0.661 0.787 1.0 0.95 0.995 2.452
 0.915 0.984 0.81 0.97 0.93 0.847 0.962 2.901
 0.943 1.003 0.914 0.998 0.821 0.47 0.914 2.673
 0.995 0.982 0.985 0.991 0.719 0.248 0.837 2.56
 1.031 1.146 0.979 0.96 0.661 0.0 0.774 2.726
 1.107 1.12 0.945 0.999 0.816 0.726 0.87 2.328
 1.152 1.088 0.962 0.999 0.895 0.387 0.837 2.822
 1.221 1.298 0.998 0.857 0.439 0.0 0.76 3.002
 1.219 1.231 0.997 0.87 0.0 0.498 1.043 2.806
 1.219 1.012 1.0 0.887 0.0 0.549 0.916 2.622
 1.166 1.287 1.0 0.962 0.726 0.387 0.719 2.338
 1.056 1.216 0.993 0.821 0.0 0.215 0.76 3.023
 0.935 1.236 0.996 0.816 0.387 0.0 0.865 2.386
 0.951 1.151 0.93 0.761 0.0 0.455 0.848 2.281
 1.053 1.182 0.933 0.326 0.0 0.921 1.082 2.441
 1.019 1.145 0.879 0.0 0.0 0.821 0.876 2.218
 1.078 1.265 0.955 0.368 0.0 0.768 0.988 2.678
 1.146 1.3 0.903 0.303 0.0 0.936 0.942 2.491
 1.138 1.185 0.857 0.0 0.561 0.936 0.976 3.153
 1.13 1.31 0.891 0.0 0.215 0.741 0.895 2.813
 1.258 1.145 0.917 0.176 0.0 0.914 0.945 2.5
 1.244 1.263 0.827 0.0 0.498 0.952 0.95 2.429
 1.158 1.291 0.93 0.0 0.439 0.95 0.986 2.551
 1.131 1.316 0.793 0.277 0.0 0.895 0.977 2.316
 1.228 1.123 0.537 0.0 0.624 0.93 0.895 2.451
 1.15 1.202 0.741 0.0 0.748 0.955 0.964 2.822
 1.246 1.231 0.793 0.0 0.348 0.643 0.916 2.706
 1.293 1.213 0.816 0.0 0.604 0.942 0.942 2.732
 1.214 1.139 0.679 0.0 0.511 0.966 0.995 2.652
 1.348 1.31 0.711 0.0 0.755 0.947 1.049 2.66
 1.232 1.177 0.761 0.0 0.572 0.679 0.966 2.257
 1.368 0.961 0.634 0.0 0.652 0.957 0.988 2.46
 1.127 1.315 0.821 0.0 0.748 0.952 0.914 2.388
 1.318 1.253 0.781 0.0 0.406 0.799 1.093 2.653
 1.192 0.93 0.512 0.0 0.842 0.955 0.93 2.266
 1.263 1.071 0.0 0.455 0.895 0.997 1.0 2.669
 1.121 1.19 0.455 0.0 0.924 0.947 0.952 2.436
 0.989 1.066 0.0 0.549 0.827 0.989 1.0 2.683
 0.855 1.031 0.583 0.793 0.968 0.917 0.945 2.676
 0.811 1.041 0.748 0.875 0.995 0.927 0.996 2.628
Next run
 2.011 0.97 0.87 0.741 0.857 0.837 1.094 4.125
 1.516 0.0 0.483 0.0 0.711 0.927 1.073 3.062
 1.564 0.805 0.719 0.0 0.326 0.857 0.949 2.712
 1.318 0.895 0.81 0.957 0.991 0.832 0.968 2.675
 1.505 0.899 0.95 0.748 0.0 0.498 1.099 2.794
 1.074 0.956 0.687 0.0 0.805 0.936 0.899 2.747
 1.23 1.1 0.0 0.511 0.955 1.0 0.997 2.709
 1.303 0.899 0.604 0.81 0.974 0.998 1.0 2.598
 1.336 0.924 0.387 0.47 0.962 0.996 0.994 2.668
 1.092 0.981 0.661 0.787 1.0 0.95 0.995 2.452
 0.915 0.984 0.81 0.97 0.93 0.847 0.962 2.901
 0.943 1.003 0.914 0.998 0.821 0.47 0.914 2.673
 0.995 0.982 0.985 0.991 0.719 0.248 0.837 2.56
 1.031 1.146 0.979 0.96 0.661 0.0 0.774 2.726
 1.107 1.12 0.945 0.999 0.816 0.726 0.87 2.328
 1.152 1.088 0.962 0.999 0.895 0.387 0.837 2.822
 1.221 1.298 0.998 0.857 0.439 0.0 0.76 3.002
 1.219 1.231 0.997 0.87 0.0 0.498 1.043 2.806
 1.219 1.012 1.0 0.887 0.0 0.549 0.916 2.622
 1.166 1.287 1.0 0.962 0.726 0.387 0.719 2.338
 1.056 1.216 0.993 0.821 0.0 0.215 0.76 3.023
 0.935 1.236 0.996 0.816 0.387 0.0 0.865 2.386
 0.951 1.151 0.93 0.761 0.0 0.455 0.848 2.281
 1.053 1.182 0.933 0.326 0.0 0.921 1.082 2.441
 1.019 1.145 0.879 0.0 0.0 0.821 0.876 2.218
 1.078 1.265 0.955 0.368 0.0 0.768 0.988 2.678
 1.146 1.3 0.903 0.303 0.0 0.936 0.942 2.491
 1.138 1.185 0.857 0.0 0.561 0.936 0.976 3.153
 1.13 1.31 0.891 0.0 0.215 0.741 0.895 2.813
 1.258 1.145 0.917 0.176 0.0 0.914 0.945 2.5
 1.244 1.263 0.827 0.0 0.498 0.952 0.95 2.429
 1.158 1.291 0.93 0.0 0.439 0.95 0.986 2.551
 1.131 1.316 0.793 0.277 0.0 0.895 0.977 2.316
 1.228 1.123 0.537 0.0 0.624 0.93 0.895 2.451
 1.15 1.202 0.741 0.0 0.748 0.955 0.964 2.822
 1.246 1.231 0.793 0.0 0.348 0.643 0.916 2.706
 1.293 1.213 0.816 0.0 0.604 0.942 0.942 2.732
 1.214 1.139 0.679 0.0 0.511 0.966 0.995 2.652
 1.348 1.31 0.711 0.0 0.755 0.947 1.049 2.66
 1.232 1.177 0.761 0.0 0.572 0.679 0.966 2.257
 1.368 0.961 0.634 0.0 0.652 0.957 0.988 2.46
 1.127 1.315 0.821 0.0 0.748 0.952 0.914 2.388
 1.318 1.253 0.781 0.0 0.406 0.799 1.093 2.653
 1.192 0.93 0.512 0.0 0.842 0.955 0.93 2.266
 1.263 1.071 0.0 0.455 0.895 0.997 1.0 2.669
 1.121 1.19 0.455 0.0 0.924 0.947 0.952 2.436
 0.989 1.066 0.0 0.549 0.827 0.989 1.0 2.683
 0.855 1.031 0.583 0.793 0.968 0.917 0.945 2.676
 0.811 1.041 0.748 0.875 0.995 0.927 0.996 2.628
 0.841 1.098 0.827 0.966 0.95 0.816 0.966 2.577
Next run
 2.011 0.97 0.87 0.741 0.857 0.837 1.094 4.125
 1.516 0.0 0.483 0.0 0.711 0.927 1.073 3.062
 1.564 0.805 0.719 0.0 0.326 0.857 0.949 2.712
 1.318 0.895 0.81 0.957 0.991 0.832 0.968 2.675
 1.505 0.899 0.95 0.748 0.0 0.498 1.099 2.794
 1.074 0.956 0.687 0.0 0.805 0.936 0.899 2.747
 1.23 1.1 0.0 0.511 0.955 1.0 0.997 2.709
 1.303 0.899 0.604 0.81 0.974 0.998 1.0 2.598
 1.336 0.924 0.387 0.47 0.962 0.996 0.994 2.668
 1.092 0.981 0.661 0.787 1.0 0.95 0.995 2.452
 0.915 0.984 0.81 0.97 0.93 0.847 0.962 2.901
 0.943 1.003 0.914 0.998 0.821 0.47 0.914 2.673
 0.995 0.982 0.985 0.991 0.719 0.248 0.837 2.56
 1.031 1.146 0.979 0.96 0.661 0.0 0.774 2.726
 1.107 1.12 0.945 0.999 0.816 0.726 0.87 2.328
 1.152 1.088 0.962 0.999 0.895 0.387 0.837 2.822
 1.221 1.298 0.998 0.857 0.439 0.0 0.76 3.002
 1.219 1.231 0.997 0.87 0.0 0.498 1.043 2.806
 1.219 1.012 1.0 0.887 0.0 0.549 0.916 2.622
 1.166 1.287 1.0 0.962 0.726 0.387 0.719 2.338
 1.056 1.216 0.993 0.821 0.0 0.215 0.76 3.023
 0.935 1.236 0.996 0.816 0.387 0.0 0.865 2.386
 0.951 1.151 0.93 0.761 0.0 0.455 0.848 2.281
 1.053 1.182 0.933 0.326 0.0 0.921 1.082 2.441
 1.019 1.145 0.879 0.0 0.0 0.821 0.876 2.218
 1.078 1.265 0.955 0.368 0.0 0.768 0.988 2.678
 1.146 1.3 0.903 0.303 0.0 0.936 0.942 2.491
 1.138 1.185 0.857 0.0 0.561 0.936 0.976 3.153
 1.13 1.31 0.891 0.0 0.215 0.741 0.895 2.813
 1.258 1.145 0.917 0.176 0.0 0.914 0.945 2.5
 1.244 1.263 0.827 0.0 0.498 0.952 0.95 2.429
 1.158 1.291 0.93 0.0 0.439 0.95 0.986 2.551
 1.131 1.316 0.793 0.277 0.0 0.895 0.977 2.316
 1.228 1.123 0.537 0.0 0.624 0.93 0.895 2.451
 1.15 1.202 0.741 0.0 0.748 0.955 0.964 2.822
 1.246 1.231 0.793 0.0 0.348 0.643 0.916 2.706
 1.293 1.213 0.816 0.0 0.604 0.942 0.942 2.732
 1.214 1.139 0.679 0.0 0.511 0.966 0.995 2.652
 1.348 1.31 0.711 0.0 0.755 0.947 1.049 2.66
 1.232 1.177 0.761 0.0 0.572 0.679 0.966 2.257
 1.368 0.961 0.634 0.0 0.652 0.957 0.988 2.46
 1.127 1.315 0.821 0.0 0.748 0.952 0.914 2.388
 1.318 1.253 0.781 0.0 0.406 0.799 1.093 2.653
 1.192 0.93 0.512 0.0 0.842 0.955 0.93 2.266
 1.263 1.071 0.0 0.455 0.895 0.997 1.0 2.669
 1.121 1.19 0.455 0.0 0.924 0.947 0.952 2.436
 0.989 1.066 0.0 0.549 0.827 0.989 1.0 2.683
 0.855 1.031 0.583 0.793 0.968 0.917 0.945 2.676
 0.811 1.041 0.748 0.875 0.995 0.927 0.996 2.628
 0.841 1.098 0.827 0.966 0.95 0.816 0.966 2.577
 0.87 1.143 0.857 0.977 0.985 0.661 0.861 2.54
Next run
 2.011 0.97 0.87 0.741 0.857 0.837 1.094 4.125
 1.516 0.0 0.483 0.0 0.711 0.927 1.073 3.062
 1.564 0.805 0.719 0.0 0.326 0.857 0.949 2.712
 1.318 0.895 0.81 0.957 0.991 0.832 0.968 2.675
 1.505 0.899 0.95 0.748 0.0 0.498 1.099 2.794
 1.074 0.956 0.687 0.0 0.805 0.936 0.899 2.747
 1.23 1.1 0.0 0.511 0.955 1.0 0.997 2.709
 1.303 0.899 0.604 0.81 0.974 0.998 1.0 2.598
 1.336 0.924 0.387 0.47 0.962 0.996 0.994 2.668
 1.092 0.981 0.661 0.787 1.0 0.95 0.995 2.452
 0.915 0.984 0.81 0.97 0.93 0.847 0.962 2.901
 0.943 1.003 0.914 0.998 0.821 0.47 0.914 2.673
 0.995 0.982 0.985 0.991 0.719 0.248 0.837 2.56
 1.031 1.146 0.979 0.96 0.661 0.0 0.774 2.726
 1.107 1.12 0.945 0.999 0.816 0.726 0.87 2.328
 1.152 1.088 0.962 0.999 0.895 0.387 0.837 2.822
 1.221 1.298 0.998 0.857 0.439 0.0 0.76 3.002
 1.219 1.231 0.997 0.87 0.0 0.498 1.043 2.806
 1.219 1.012 1.0 0.887 0.0 0.549 0.916 2.622
 1.166 1.287 1.0 0.962 0.726 0.387 0.719 2.338
 1.056 1.216 0.993 0.821 0.0 0.215 0.76 3.023
 0.935 1.236 0.996 0.816 0.387 0.0 0.865 2.386
 0.951 1.151 0.93 0.761 0.0 0.455 0.848 2.281
 1.053 1.182 0.933 0.326 0.0 0.921 1.082 2.441
 1.019 1.145 0.879 0.0 0.0 0.821 0.876 2.218
 1.078 1.265 0.955 0.368 0.0 0.768 0.988 2.678
 1.146 1.3 0.903 0.303 0.0 0.936 0.942 2.491
 1.138 1.185 0.857 0.0 0.561 0.936 0.976 3.153
 1.13 1.31 0.891 0.0 0.215 0.741 0.895 2.813
 1.258 1.145 0.917 0.176 0.0 0.914 0.945 2.5
 1.244 1.263 0.827 0.0 0.498 0.952 0.95 2.429
 1.158 1.291 0.93 0.0 0.439 0.95 0.986 2.551
 1.131 1.316 0.793 0.277 0.0 0.895 0.977 2.316
 1.228 1.123 0.537 0.0 0.624 0.93 0.895 2.451
 1.15 1.202 0.741 0.0 0.748 0.955 0.964 2.822
 1.246 1.231 0.793 0.0 0.348 0.643 0.916 2.706
 1.293 1.213 0.816 0.0 0.604 0.942 0.942 2.732
 1.214 1.139 0.679 0.0 0.511 0.966 0.995 2.652
 1.348 1.31 0.711 0.0 0.755 0.947 1.049 2.66
 1.232 1.177 0.761 0.0 0.572 0.679 0.966 2.257
 1.368 0.961 0.634 0.0 0.652 0.957 0.988 2.46
 1.127 1.315 0.821 0.0 0.748 0.952 0.914 2.388
 1.318 1.253 0.781 0.0 0.406 0.799 1.093 2.653
 1.192 0.93 0.512 0.0 0.842 0.955 0.93 2.266
 1.263 1.071 0.0 0.455 0.895 0.997 1.0 2.669
 1.121 1.19 0.455 0.0 0.924 0.947 0.952 2.436
 0.989 1.066 0.0 0.549 0.827 0.989 1.0 2.683
 0.855 1.031 0.583 0.793 0.968 0.917 0.945 2.676
 0.811 1.041 0.748 0.875 0.995 0.927 0.996 2.628
 0.841 1.098 0.827 0.966 0.95 0.816 0.966 2.577
 0.87 1.143 0.857 0.977 0.985 0.661 0.861 2.54
Next run
