75.821
60.671
55.295
50.218
44.599
40.042
35.44
31.906
28.176
27.561
25.102
24.444
24.214
22.868
21.626
21.502
21.547
22.532
22.26
22.16
22.347
20.999
21.177
22.409
21.657
22.215
22.142
21.648
22.484
22.318
21.581
21.8
Niching performed
41.724
41.959
33.33
22.727
22.986
22.509
21.461
23.393
22.642
21.752
22.8
21.786
23.477
22.656
Niching performed
42.181
41.596
30.175
23.034
23.042
22.93
Niching performed
43.543
44.74
33.958
22.088
21.983
23.029
21.985
21.645
22.721
23.568
23.822
23.503
23.521
24.248
Niching performed
41.567
42.48
36.719
24.341
22.64
22.449
23.776
22.056
22.945
22.522
23.651
23.913
