401.723
338.529
289.745
247.322
208.177
175.498
148.114
125.837
106.155
91.06
78.079
68.243
60.276
52.438
46.277
40.715
36.825
34.283
31.142
28.588
26.391
23.59
22.19
21.57
19.216
18.711
17.5
16.726
16.1
15.307
13.912
13.497
Niching performed
78.704
54.618
31.823
15.103
14.369
13.608
12.431
14.18
13.229
12.24
12.363
11.687
13.032
12.089
Niching performed
78.327
50.564
26.384
13.133
12.791
12.822
Niching performed
80.835
56.611
30.621
12.542
11.81
12.834
11.984
12.002
12.519
13.477
13.715
13.749
13.863
14.95
Niching performed
82.991
60.565
38.779
17.403
12.429
12.535
13.651
12.138
13.047
12.532
13.491
14.435
