 31.443 9.736 7.514 7.297 6.076 8.589 10.807 31.419
Next run
 31.443 9.736 7.514 7.297 6.076 8.589 10.807 31.419
 23.99 7.367 6.033 5.511 6.058 6.237 6.296 24.797
Next run
 31.443 9.736 7.514 7.297 6.076 8.589 10.807 31.419
 23.99 7.367 6.033 5.511 6.058 6.237 6.296 24.797
 18.476 6.176 4.863 5.125 4.95 5.602 6.601 24.844
Next run
 31.443 9.736 7.514 7.297 6.076 8.589 10.807 31.419
 23.99 7.367 6.033 5.511 6.058 6.237 6.296 24.797
 18.476 6.176 4.863 5.125 4.95 5.602 6.601 24.844
 14.963 5.479 4.1 4.879 4.134 4.865 5.372 22.82
Next run
 31.443 9.736 7.514 7.297 6.076 8.589 10.807 31.419
 23.99 7.367 6.033 5.511 6.058 6.237 6.296 24.797
 18.476 6.176 4.863 5.125 4.95 5.602 6.601 24.844
 14.963 5.479 4.1 4.879 4.134 4.865 5.372 22.82
 14.271 4.601 3.841 3.645 4.216 4.056 6.939 19.141
Next run
 31.443 9.736 7.514 7.297 6.076 8.589 10.807 31.419
 23.99 7.367 6.033 5.511 6.058 6.237 6.296 24.797
 18.476 6.176 4.863 5.125 4.95 5.602 6.601 24.844
 14.963 5.479 4.1 4.879 4.134 4.865 5.372 22.82
 14.271 4.601 3.841 3.645 4.216 4.056 6.939 19.141
 13.319 4.434 3.557 3.649 3.366 4.098 5.439 20.795
Next run
 31.443 9.736 7.514 7.297 6.076 8.589 10.807 31.419
 23.99 7.367 6.033 5.511 6.058 6.237 6.296 24.797
 18.476 6.176 4.863 5.125 4.95 5.602 6.601 24.844
 14.963 5.479 4.1 4.879 4.134 4.865 5.372 22.82
 14.271 4.601 3.841 3.645 4.216 4.056 6.939 19.141
 13.319 4.434 3.557 3.649 3.366 4.098 5.439 20.795
 13.37 3.348 3.268 3.237 3.19 3.504 5.654 19.921
Next run
 31.443 9.736 7.514 7.297 6.076 8.589 10.807 31.419
 23.99 7.367 6.033 5.511 6.058 6.237 6.296 24.797
 18.476 6.176 4.863 5.125 4.95 5.602 6.601 24.844
 14.963 5.479 4.1 4.879 4.134 4.865 5.372 22.82
 14.271 4.601 3.841 3.645 4.216 4.056 6.939 19.141
 13.319 4.434 3.557 3.649 3.366 4.098 5.439 20.795
 13.37 3.348 3.268 3.237 3.19 3.504 5.654 19.921
 11.385 3.378 2.642 2.676 3.141 2.99 5.225 20.026
Next run
 31.443 9.736 7.514 7.297 6.076 8.589 10.807 31.419
 23.99 7.367 6.033 5.511 6.058 6.237 6.296 24.797
 18.476 6.176 4.863 5.125 4.95 5.602 6.601 24.844
 14.963 5.479 4.1 4.879 4.134 4.865 5.372 22.82
 14.271 4.601 3.841 3.645 4.216 4.056 6.939 19.141
 13.319 4.434 3.557 3.649 3.366 4.098 5.439 20.795
 13.37 3.348 3.268 3.237 3.19 3.504 5.654 19.921
 11.385 3.378 2.642 2.676 3.141 2.99 5.225 20.026
 11.379 3.078 2.489 2.68 2.401 2.842 5.525 20.247
Next run
 31.443 9.736 7.514 7.297 6.076 8.589 10.807 31.419
 23.99 7.367 6.033 5.511 6.058 6.237 6.296 24.797
 18.476 6.176 4.863 5.125 4.95 5.602 6.601 24.844
 14.963 5.479 4.1 4.879 4.134 4.865 5.372 22.82
 14.271 4.601 3.841 3.645 4.216 4.056 6.939 19.141
 13.319 4.434 3.557 3.649 3.366 4.098 5.439 20.795
 13.37 3.348 3.268 3.237 3.19 3.504 5.654 19.921
 11.385 3.378 2.642 2.676 3.141 2.99 5.225 20.026
 11.379 3.078 2.489 2.68 2.401 2.842 5.525 20.247
 9.102 2.419 2.35 2.464 2.45 2.772 5.024 18.139
Next run
 31.443 9.736 7.514 7.297 6.076 8.589 10.807 31.419
 23.99 7.367 6.033 5.511 6.058 6.237 6.296 24.797
 18.476 6.176 4.863 5.125 4.95 5.602 6.601 24.844
 14.963 5.479 4.1 4.879 4.134 4.865 5.372 22.82
 14.271 4.601 3.841 3.645 4.216 4.056 6.939 19.141
 13.319 4.434 3.557 3.649 3.366 4.098 5.439 20.795
 13.37 3.348 3.268 3.237 3.19 3.504 5.654 19.921
 11.385 3.378 2.642 2.676 3.141 2.99 5.225 20.026
 11.379 3.078 2.489 2.68 2.401 2.842 5.525 20.247
 9.102 2.419 2.35 2.464 2.45 2.772 5.024 18.139
 5.782 2.31 2.128 1.892 1.915 2.526 5.864 17.514
Next run
 31.443 9.736 7.514 7.297 6.076 8.589 10.807 31.419
 23.99 7.367 6.033 5.511 6.058 6.237 6.296 24.797
 18.476 6.176 4.863 5.125 4.95 5.602 6.601 24.844
 14.963 5.479 4.1 4.879 4.134 4.865 5.372 22.82
 14.271 4.601 3.841 3.645 4.216 4.056 6.939 19.141
 13.319 4.434 3.557 3.649 3.366 4.098 5.439 20.795
 13.37 3.348 3.268 3.237 3.19 3.504 5.654 19.921
 11.385 3.378 2.642 2.676 3.141 2.99 5.225 20.026
 11.379 3.078 2.489 2.68 2.401 2.842 5.525 20.247
 9.102 2.419 2.35 2.464 2.45 2.772 5.024 18.139
 5.782 2.31 2.128 1.892 1.915 2.526 5.864 17.514
 4.366 1.811 1.898 2.093 1.746 1.905 5.507 17.61
Next run
 31.443 9.736 7.514 7.297 6.076 8.589 10.807 31.419
 23.99 7.367 6.033 5.511 6.058 6.237 6.296 24.797
 18.476 6.176 4.863 5.125 4.95 5.602 6.601 24.844
 14.963 5.479 4.1 4.879 4.134 4.865 5.372 22.82
 14.271 4.601 3.841 3.645 4.216 4.056 6.939 19.141
 13.319 4.434 3.557 3.649 3.366 4.098 5.439 20.795
 13.37 3.348 3.268 3.237 3.19 3.504 5.654 19.921
 11.385 3.378 2.642 2.676 3.141 2.99 5.225 20.026
 11.379 3.078 2.489 2.68 2.401 2.842 5.525 20.247
 9.102 2.419 2.35 2.464 2.45 2.772 5.024 18.139
 5.782 2.31 2.128 1.892 1.915 2.526 5.864 17.514
 4.366 1.811 1.898 2.093 1.746 1.905 5.507 17.61
 3.97 1.121 1.492 1.266 1.557 2.123 6.103 16.842
Next run
 31.443 9.736 7.514 7.297 6.076 8.589 10.807 31.419
 23.99 7.367 6.033 5.511 6.058 6.237 6.296 24.797
 18.476 6.176 4.863 5.125 4.95 5.602 6.601 24.844
 14.963 5.479 4.1 4.879 4.134 4.865 5.372 22.82
 14.271 4.601 3.841 3.645 4.216 4.056 6.939 19.141
 13.319 4.434 3.557 3.649 3.366 4.098 5.439 20.795
 13.37 3.348 3.268 3.237 3.19 3.504 5.654 19.921
 11.385 3.378 2.642 2.676 3.141 2.99 5.225 20.026
 11.379 3.078 2.489 2.68 2.401 2.842 5.525 20.247
 9.102 2.419 2.35 2.464 2.45 2.772 5.024 18.139
 5.782 2.31 2.128 1.892 1.915 2.526 5.864 17.514
 4.366 1.811 1.898 2.093 1.746 1.905 5.507 17.61
 3.97 1.121 1.492 1.266 1.557 2.123 6.103 16.842
 3.367 1.075 1.285 1.216 1.107 1.51 6.59 16.374
Next run
 31.443 9.736 7.514 7.297 6.076 8.589 10.807 31.419
 23.99 7.367 6.033 5.511 6.058 6.237 6.296 24.797
 18.476 6.176 4.863 5.125 4.95 5.602 6.601 24.844
 14.963 5.479 4.1 4.879 4.134 4.865 5.372 22.82
 14.271 4.601 3.841 3.645 4.216 4.056 6.939 19.141
 13.319 4.434 3.557 3.649 3.366 4.098 5.439 20.795
 13.37 3.348 3.268 3.237 3.19 3.504 5.654 19.921
 11.385 3.378 2.642 2.676 3.141 2.99 5.225 20.026
 11.379 3.078 2.489 2.68 2.401 2.842 5.525 20.247
 9.102 2.419 2.35 2.464 2.45 2.772 5.024 18.139
 5.782 2.31 2.128 1.892 1.915 2.526 5.864 17.514
 4.366 1.811 1.898 2.093 1.746 1.905 5.507 17.61
 3.97 1.121 1.492 1.266 1.557 2.123 6.103 16.842
 3.367 1.075 1.285 1.216 1.107 1.51 6.59 16.374
 3.488 0.865 1.033 1.031 1.034 1.388 9.049 14.57
Next run
 31.443 9.736 7.514 7.297 6.076 8.589 10.807 31.419
 23.99 7.367 6.033 5.511 6.058 6.237 6.296 24.797
 18.476 6.176 4.863 5.125 4.95 5.602 6.601 24.844
 14.963 5.479 4.1 4.879 4.134 4.865 5.372 22.82
 14.271 4.601 3.841 3.645 4.216 4.056 6.939 19.141
 13.319 4.434 3.557 3.649 3.366 4.098 5.439 20.795
 13.37 3.348 3.268 3.237 3.19 3.504 5.654 19.921
 11.385 3.378 2.642 2.676 3.141 2.99 5.225 20.026
 11.379 3.078 2.489 2.68 2.401 2.842 5.525 20.247
 9.102 2.419 2.35 2.464 2.45 2.772 5.024 18.139
 5.782 2.31 2.128 1.892 1.915 2.526 5.864 17.514
 4.366 1.811 1.898 2.093 1.746 1.905 5.507 17.61
 3.97 1.121 1.492 1.266 1.557 2.123 6.103 16.842
 3.367 1.075 1.285 1.216 1.107 1.51 6.59 16.374
 3.488 0.865 1.033 1.031 1.034 1.388 9.049 14.57
 2.846 0.964 0.831 0.819 0.931 1.145 8.382 15.281
Next run
 31.443 9.736 7.514 7.297 6.076 8.589 10.807 31.419
 23.99 7.367 6.033 5.511 6.058 6.237 6.296 24.797
 18.476 6.176 4.863 5.125 4.95 5.602 6.601 24.844
 14.963 5.479 4.1 4.879 4.134 4.865 5.372 22.82
 14.271 4.601 3.841 3.645 4.216 4.056 6.939 19.141
 13.319 4.434 3.557 3.649 3.366 4.098 5.439 20.795
 13.37 3.348 3.268 3.237 3.19 3.504 5.654 19.921
 11.385 3.378 2.642 2.676 3.141 2.99 5.225 20.026
 11.379 3.078 2.489 2.68 2.401 2.842 5.525 20.247
 9.102 2.419 2.35 2.464 2.45 2.772 5.024 18.139
 5.782 2.31 2.128 1.892 1.915 2.526 5.864 17.514
 4.366 1.811 1.898 2.093 1.746 1.905 5.507 17.61
 3.97 1.121 1.492 1.266 1.557 2.123 6.103 16.842
 3.367 1.075 1.285 1.216 1.107 1.51 6.59 16.374
 3.488 0.865 1.033 1.031 1.034 1.388 9.049 14.57
 2.846 0.964 0.831 0.819 0.931 1.145 8.382 15.281
 2.372 0.971 0.855 0.769 0.824 1.171 8.695 15.448
Next run
 31.443 9.736 7.514 7.297 6.076 8.589 10.807 31.419
 23.99 7.367 6.033 5.511 6.058 6.237 6.296 24.797
 18.476 6.176 4.863 5.125 4.95 5.602 6.601 24.844
 14.963 5.479 4.1 4.879 4.134 4.865 5.372 22.82
 14.271 4.601 3.841 3.645 4.216 4.056 6.939 19.141
 13.319 4.434 3.557 3.649 3.366 4.098 5.439 20.795
 13.37 3.348 3.268 3.237 3.19 3.504 5.654 19.921
 11.385 3.378 2.642 2.676 3.141 2.99 5.225 20.026
 11.379 3.078 2.489 2.68 2.401 2.842 5.525 20.247
 9.102 2.419 2.35 2.464 2.45 2.772 5.024 18.139
 5.782 2.31 2.128 1.892 1.915 2.526 5.864 17.514
 4.366 1.811 1.898 2.093 1.746 1.905 5.507 17.61
 3.97 1.121 1.492 1.266 1.557 2.123 6.103 16.842
 3.367 1.075 1.285 1.216 1.107 1.51 6.59 16.374
 3.488 0.865 1.033 1.031 1.034 1.388 9.049 14.57
 2.846 0.964 0.831 0.819 0.931 1.145 8.382 15.281
 2.372 0.971 0.855 0.769 0.824 1.171 8.695 15.448
 1.762 0.733 0.8 0.657 0.814 1.33 9.252 14.913
Next run
 31.443 9.736 7.514 7.297 6.076 8.589 10.807 31.419
 23.99 7.367 6.033 5.511 6.058 6.237 6.296 24.797
 18.476 6.176 4.863 5.125 4.95 5.602 6.601 24.844
 14.963 5.479 4.1 4.879 4.134 4.865 5.372 22.82
 14.271 4.601 3.841 3.645 4.216 4.056 6.939 19.141
 13.319 4.434 3.557 3.649 3.366 4.098 5.439 20.795
 13.37 3.348 3.268 3.237 3.19 3.504 5.654 19.921
 11.385 3.378 2.642 2.676 3.141 2.99 5.225 20.026
 11.379 3.078 2.489 2.68 2.401 2.842 5.525 20.247
 9.102 2.419 2.35 2.464 2.45 2.772 5.024 18.139
 5.782 2.31 2.128 1.892 1.915 2.526 5.864 17.514
 4.366 1.811 1.898 2.093 1.746 1.905 5.507 17.61
 3.97 1.121 1.492 1.266 1.557 2.123 6.103 16.842
 3.367 1.075 1.285 1.216 1.107 1.51 6.59 16.374
 3.488 0.865 1.033 1.031 1.034 1.388 9.049 14.57
 2.846 0.964 0.831 0.819 0.931 1.145 8.382 15.281
 2.372 0.971 0.855 0.769 0.824 1.171 8.695 15.448
 1.762 0.733 0.8 0.657 0.814 1.33 9.252 14.913
 1.543 0.496 0.497 0.537 0.62 0.991 10.576 13.745
Next run
 31.443 9.736 7.514 7.297 6.076 8.589 10.807 31.419
 23.99 7.367 6.033 5.511 6.058 6.237 6.296 24.797
 18.476 6.176 4.863 5.125 4.95 5.602 6.601 24.844
 14.963 5.479 4.1 4.879 4.134 4.865 5.372 22.82
 14.271 4.601 3.841 3.645 4.216 4.056 6.939 19.141
 13.319 4.434 3.557 3.649 3.366 4.098 5.439 20.795
 13.37 3.348 3.268 3.237 3.19 3.504 5.654 19.921
 11.385 3.378 2.642 2.676 3.141 2.99 5.225 20.026
 11.379 3.078 2.489 2.68 2.401 2.842 5.525 20.247
 9.102 2.419 2.35 2.464 2.45 2.772 5.024 18.139
 5.782 2.31 2.128 1.892 1.915 2.526 5.864 17.514
 4.366 1.811 1.898 2.093 1.746 1.905 5.507 17.61
 3.97 1.121 1.492 1.266 1.557 2.123 6.103 16.842
 3.367 1.075 1.285 1.216 1.107 1.51 6.59 16.374
 3.488 0.865 1.033 1.031 1.034 1.388 9.049 14.57
 2.846 0.964 0.831 0.819 0.931 1.145 8.382 15.281
 2.372 0.971 0.855 0.769 0.824 1.171 8.695 15.448
 1.762 0.733 0.8 0.657 0.814 1.33 9.252 14.913
 1.543 0.496 0.497 0.537 0.62 0.991 10.576 13.745
 1.339 0.5 0.513 0.493 0.633 0.946 11.126 14.264
Next run
 31.443 9.736 7.514 7.297 6.076 8.589 10.807 31.419
 23.99 7.367 6.033 5.511 6.058 6.237 6.296 24.797
 18.476 6.176 4.863 5.125 4.95 5.602 6.601 24.844
 14.963 5.479 4.1 4.879 4.134 4.865 5.372 22.82
 14.271 4.601 3.841 3.645 4.216 4.056 6.939 19.141
 13.319 4.434 3.557 3.649 3.366 4.098 5.439 20.795
 13.37 3.348 3.268 3.237 3.19 3.504 5.654 19.921
 11.385 3.378 2.642 2.676 3.141 2.99 5.225 20.026
 11.379 3.078 2.489 2.68 2.401 2.842 5.525 20.247
 9.102 2.419 2.35 2.464 2.45 2.772 5.024 18.139
 5.782 2.31 2.128 1.892 1.915 2.526 5.864 17.514
 4.366 1.811 1.898 2.093 1.746 1.905 5.507 17.61
 3.97 1.121 1.492 1.266 1.557 2.123 6.103 16.842
 3.367 1.075 1.285 1.216 1.107 1.51 6.59 16.374
 3.488 0.865 1.033 1.031 1.034 1.388 9.049 14.57
 2.846 0.964 0.831 0.819 0.931 1.145 8.382 15.281
 2.372 0.971 0.855 0.769 0.824 1.171 8.695 15.448
 1.762 0.733 0.8 0.657 0.814 1.33 9.252 14.913
 1.543 0.496 0.497 0.537 0.62 0.991 10.576 13.745
 1.339 0.5 0.513 0.493 0.633 0.946 11.126 14.264
 1.365 0.499 0.486 0.523 0.483 0.837 11.116 14.593
Next run
 31.443 9.736 7.514 7.297 6.076 8.589 10.807 31.419
 23.99 7.367 6.033 5.511 6.058 6.237 6.296 24.797
 18.476 6.176 4.863 5.125 4.95 5.602 6.601 24.844
 14.963 5.479 4.1 4.879 4.134 4.865 5.372 22.82
 14.271 4.601 3.841 3.645 4.216 4.056 6.939 19.141
 13.319 4.434 3.557 3.649 3.366 4.098 5.439 20.795
 13.37 3.348 3.268 3.237 3.19 3.504 5.654 19.921
 11.385 3.378 2.642 2.676 3.141 2.99 5.225 20.026
 11.379 3.078 2.489 2.68 2.401 2.842 5.525 20.247
 9.102 2.419 2.35 2.464 2.45 2.772 5.024 18.139
 5.782 2.31 2.128 1.892 1.915 2.526 5.864 17.514
 4.366 1.811 1.898 2.093 1.746 1.905 5.507 17.61
 3.97 1.121 1.492 1.266 1.557 2.123 6.103 16.842
 3.367 1.075 1.285 1.216 1.107 1.51 6.59 16.374
 3.488 0.865 1.033 1.031 1.034 1.388 9.049 14.57
 2.846 0.964 0.831 0.819 0.931 1.145 8.382 15.281
 2.372 0.971 0.855 0.769 0.824 1.171 8.695 15.448
 1.762 0.733 0.8 0.657 0.814 1.33 9.252 14.913
 1.543 0.496 0.497 0.537 0.62 0.991 10.576 13.745
 1.339 0.5 0.513 0.493 0.633 0.946 11.126 14.264
 1.365 0.499 0.486 0.523 0.483 0.837 11.116 14.593
 1.107 0.494 0.496 0.402 0.449 0.557 10.949 15.295
Next run
 31.443 9.736 7.514 7.297 6.076 8.589 10.807 31.419
 23.99 7.367 6.033 5.511 6.058 6.237 6.296 24.797
 18.476 6.176 4.863 5.125 4.95 5.602 6.601 24.844
 14.963 5.479 4.1 4.879 4.134 4.865 5.372 22.82
 14.271 4.601 3.841 3.645 4.216 4.056 6.939 19.141
 13.319 4.434 3.557 3.649 3.366 4.098 5.439 20.795
 13.37 3.348 3.268 3.237 3.19 3.504 5.654 19.921
 11.385 3.378 2.642 2.676 3.141 2.99 5.225 20.026
 11.379 3.078 2.489 2.68 2.401 2.842 5.525 20.247
 9.102 2.419 2.35 2.464 2.45 2.772 5.024 18.139
 5.782 2.31 2.128 1.892 1.915 2.526 5.864 17.514
 4.366 1.811 1.898 2.093 1.746 1.905 5.507 17.61
 3.97 1.121 1.492 1.266 1.557 2.123 6.103 16.842
 3.367 1.075 1.285 1.216 1.107 1.51 6.59 16.374
 3.488 0.865 1.033 1.031 1.034 1.388 9.049 14.57
 2.846 0.964 0.831 0.819 0.931 1.145 8.382 15.281
 2.372 0.971 0.855 0.769 0.824 1.171 8.695 15.448
 1.762 0.733 0.8 0.657 0.814 1.33 9.252 14.913
 1.543 0.496 0.497 0.537 0.62 0.991 10.576 13.745
 1.339 0.5 0.513 0.493 0.633 0.946 11.126 14.264
 1.365 0.499 0.486 0.523 0.483 0.837 11.116 14.593
 1.107 0.494 0.496 0.402 0.449 0.557 10.949 15.295
 0.991 0.297 0.322 0.307 0.37 0.475 10.67 15.96
Next run
 31.443 9.736 7.514 7.297 6.076 8.589 10.807 31.419
 23.99 7.367 6.033 5.511 6.058 6.237 6.296 24.797
 18.476 6.176 4.863 5.125 4.95 5.602 6.601 24.844
 14.963 5.479 4.1 4.879 4.134 4.865 5.372 22.82
 14.271 4.601 3.841 3.645 4.216 4.056 6.939 19.141
 13.319 4.434 3.557 3.649 3.366 4.098 5.439 20.795
 13.37 3.348 3.268 3.237 3.19 3.504 5.654 19.921
 11.385 3.378 2.642 2.676 3.141 2.99 5.225 20.026
 11.379 3.078 2.489 2.68 2.401 2.842 5.525 20.247
 9.102 2.419 2.35 2.464 2.45 2.772 5.024 18.139
 5.782 2.31 2.128 1.892 1.915 2.526 5.864 17.514
 4.366 1.811 1.898 2.093 1.746 1.905 5.507 17.61
 3.97 1.121 1.492 1.266 1.557 2.123 6.103 16.842
 3.367 1.075 1.285 1.216 1.107 1.51 6.59 16.374
 3.488 0.865 1.033 1.031 1.034 1.388 9.049 14.57
 2.846 0.964 0.831 0.819 0.931 1.145 8.382 15.281
 2.372 0.971 0.855 0.769 0.824 1.171 8.695 15.448
 1.762 0.733 0.8 0.657 0.814 1.33 9.252 14.913
 1.543 0.496 0.497 0.537 0.62 0.991 10.576 13.745
 1.339 0.5 0.513 0.493 0.633 0.946 11.126 14.264
 1.365 0.499 0.486 0.523 0.483 0.837 11.116 14.593
 1.107 0.494 0.496 0.402 0.449 0.557 10.949 15.295
 0.991 0.297 0.322 0.307 0.37 0.475 10.67 15.96
 0.848 0.472 0.496 0.426 0.274 0.421 10.808 15.647
Next run
 31.443 9.736 7.514 7.297 6.076 8.589 10.807 31.419
 23.99 7.367 6.033 5.511 6.058 6.237 6.296 24.797
 18.476 6.176 4.863 5.125 4.95 5.602 6.601 24.844
 14.963 5.479 4.1 4.879 4.134 4.865 5.372 22.82
 14.271 4.601 3.841 3.645 4.216 4.056 6.939 19.141
 13.319 4.434 3.557 3.649 3.366 4.098 5.439 20.795
 13.37 3.348 3.268 3.237 3.19 3.504 5.654 19.921
 11.385 3.378 2.642 2.676 3.141 2.99 5.225 20.026
 11.379 3.078 2.489 2.68 2.401 2.842 5.525 20.247
 9.102 2.419 2.35 2.464 2.45 2.772 5.024 18.139
 5.782 2.31 2.128 1.892 1.915 2.526 5.864 17.514
 4.366 1.811 1.898 2.093 1.746 1.905 5.507 17.61
 3.97 1.121 1.492 1.266 1.557 2.123 6.103 16.842
 3.367 1.075 1.285 1.216 1.107 1.51 6.59 16.374
 3.488 0.865 1.033 1.031 1.034 1.388 9.049 14.57
 2.846 0.964 0.831 0.819 0.931 1.145 8.382 15.281
 2.372 0.971 0.855 0.769 0.824 1.171 8.695 15.448
 1.762 0.733 0.8 0.657 0.814 1.33 9.252 14.913
 1.543 0.496 0.497 0.537 0.62 0.991 10.576 13.745
 1.339 0.5 0.513 0.493 0.633 0.946 11.126 14.264
 1.365 0.499 0.486 0.523 0.483 0.837 11.116 14.593
 1.107 0.494 0.496 0.402 0.449 0.557 10.949 15.295
 0.991 0.297 0.322 0.307 0.37 0.475 10.67 15.96
 0.848 0.472 0.496 0.426 0.274 0.421 10.808 15.647
 0.703 0.419 0.302 0.0 0.348 0.64 12.635 13.093
Next run
 31.443 9.736 7.514 7.297 6.076 8.589 10.807 31.419
 23.99 7.367 6.033 5.511 6.058 6.237 6.296 24.797
 18.476 6.176 4.863 5.125 4.95 5.602 6.601 24.844
 14.963 5.479 4.1 4.879 4.134 4.865 5.372 22.82
 14.271 4.601 3.841 3.645 4.216 4.056 6.939 19.141
 13.319 4.434 3.557 3.649 3.366 4.098 5.439 20.795
 13.37 3.348 3.268 3.237 3.19 3.504 5.654 19.921
 11.385 3.378 2.642 2.676 3.141 2.99 5.225 20.026
 11.379 3.078 2.489 2.68 2.401 2.842 5.525 20.247
 9.102 2.419 2.35 2.464 2.45 2.772 5.024 18.139
 5.782 2.31 2.128 1.892 1.915 2.526 5.864 17.514
 4.366 1.811 1.898 2.093 1.746 1.905 5.507 17.61
 3.97 1.121 1.492 1.266 1.557 2.123 6.103 16.842
 3.367 1.075 1.285 1.216 1.107 1.51 6.59 16.374
 3.488 0.865 1.033 1.031 1.034 1.388 9.049 14.57
 2.846 0.964 0.831 0.819 0.931 1.145 8.382 15.281
 2.372 0.971 0.855 0.769 0.824 1.171 8.695 15.448
 1.762 0.733 0.8 0.657 0.814 1.33 9.252 14.913
 1.543 0.496 0.497 0.537 0.62 0.991 10.576 13.745
 1.339 0.5 0.513 0.493 0.633 0.946 11.126 14.264
 1.365 0.499 0.486 0.523 0.483 0.837 11.116 14.593
 1.107 0.494 0.496 0.402 0.449 0.557 10.949 15.295
 0.991 0.297 0.322 0.307 0.37 0.475 10.67 15.96
 0.848 0.472 0.496 0.426 0.274 0.421 10.808 15.647
 0.703 0.419 0.302 0.0 0.348 0.64 12.635 13.093
 0.623 0.227 0.0 0.47 0.481 0.477 12.049 13.957
Next run
 31.443 9.736 7.514 7.297 6.076 8.589 10.807 31.419
 23.99 7.367 6.033 5.511 6.058 6.237 6.296 24.797
 18.476 6.176 4.863 5.125 4.95 5.602 6.601 24.844
 14.963 5.479 4.1 4.879 4.134 4.865 5.372 22.82
 14.271 4.601 3.841 3.645 4.216 4.056 6.939 19.141
 13.319 4.434 3.557 3.649 3.366 4.098 5.439 20.795
 13.37 3.348 3.268 3.237 3.19 3.504 5.654 19.921
 11.385 3.378 2.642 2.676 3.141 2.99 5.225 20.026
 11.379 3.078 2.489 2.68 2.401 2.842 5.525 20.247
 9.102 2.419 2.35 2.464 2.45 2.772 5.024 18.139
 5.782 2.31 2.128 1.892 1.915 2.526 5.864 17.514
 4.366 1.811 1.898 2.093 1.746 1.905 5.507 17.61
 3.97 1.121 1.492 1.266 1.557 2.123 6.103 16.842
 3.367 1.075 1.285 1.216 1.107 1.51 6.59 16.374
 3.488 0.865 1.033 1.031 1.034 1.388 9.049 14.57
 2.846 0.964 0.831 0.819 0.931 1.145 8.382 15.281
 2.372 0.971 0.855 0.769 0.824 1.171 8.695 15.448
 1.762 0.733 0.8 0.657 0.814 1.33 9.252 14.913
 1.543 0.496 0.497 0.537 0.62 0.991 10.576 13.745
 1.339 0.5 0.513 0.493 0.633 0.946 11.126 14.264
 1.365 0.499 0.486 0.523 0.483 0.837 11.116 14.593
 1.107 0.494 0.496 0.402 0.449 0.557 10.949 15.295
 0.991 0.297 0.322 0.307 0.37 0.475 10.67 15.96
 0.848 0.472 0.496 0.426 0.274 0.421 10.808 15.647
 0.703 0.419 0.302 0.0 0.348 0.64 12.635 13.093
 0.623 0.227 0.0 0.47 0.481 0.477 12.049 13.957
 0.463 0.5 0.0 0.497 0.0 0.322 12.92 14.003
Next run
 31.443 9.736 7.514 7.297 6.076 8.589 10.807 31.419
 23.99 7.367 6.033 5.511 6.058 6.237 6.296 24.797
 18.476 6.176 4.863 5.125 4.95 5.602 6.601 24.844
 14.963 5.479 4.1 4.879 4.134 4.865 5.372 22.82
 14.271 4.601 3.841 3.645 4.216 4.056 6.939 19.141
 13.319 4.434 3.557 3.649 3.366 4.098 5.439 20.795
 13.37 3.348 3.268 3.237 3.19 3.504 5.654 19.921
 11.385 3.378 2.642 2.676 3.141 2.99 5.225 20.026
 11.379 3.078 2.489 2.68 2.401 2.842 5.525 20.247
 9.102 2.419 2.35 2.464 2.45 2.772 5.024 18.139
 5.782 2.31 2.128 1.892 1.915 2.526 5.864 17.514
 4.366 1.811 1.898 2.093 1.746 1.905 5.507 17.61
 3.97 1.121 1.492 1.266 1.557 2.123 6.103 16.842
 3.367 1.075 1.285 1.216 1.107 1.51 6.59 16.374
 3.488 0.865 1.033 1.031 1.034 1.388 9.049 14.57
 2.846 0.964 0.831 0.819 0.931 1.145 8.382 15.281
 2.372 0.971 0.855 0.769 0.824 1.171 8.695 15.448
 1.762 0.733 0.8 0.657 0.814 1.33 9.252 14.913
 1.543 0.496 0.497 0.537 0.62 0.991 10.576 13.745
 1.339 0.5 0.513 0.493 0.633 0.946 11.126 14.264
 1.365 0.499 0.486 0.523 0.483 0.837 11.116 14.593
 1.107 0.494 0.496 0.402 0.449 0.557 10.949 15.295
 0.991 0.297 0.322 0.307 0.37 0.475 10.67 15.96
 0.848 0.472 0.496 0.426 0.274 0.421 10.808 15.647
 0.703 0.419 0.302 0.0 0.348 0.64 12.635 13.093
 0.623 0.227 0.0 0.47 0.481 0.477 12.049 13.957
 0.463 0.5 0.0 0.497 0.0 0.322 12.92 14.003
 0.544 0.0 0.0 0.138 0.0 0.442 13.054 14.975
Next run
 31.443 9.736 7.514 7.297 6.076 8.589 10.807 31.419
 23.99 7.367 6.033 5.511 6.058 6.237 6.296 24.797
 18.476 6.176 4.863 5.125 4.95 5.602 6.601 24.844
 14.963 5.479 4.1 4.879 4.134 4.865 5.372 22.82
 14.271 4.601 3.841 3.645 4.216 4.056 6.939 19.141
 13.319 4.434 3.557 3.649 3.366 4.098 5.439 20.795
 13.37 3.348 3.268 3.237 3.19 3.504 5.654 19.921
 11.385 3.378 2.642 2.676 3.141 2.99 5.225 20.026
 11.379 3.078 2.489 2.68 2.401 2.842 5.525 20.247
 9.102 2.419 2.35 2.464 2.45 2.772 5.024 18.139
 5.782 2.31 2.128 1.892 1.915 2.526 5.864 17.514
 4.366 1.811 1.898 2.093 1.746 1.905 5.507 17.61
 3.97 1.121 1.492 1.266 1.557 2.123 6.103 16.842
 3.367 1.075 1.285 1.216 1.107 1.51 6.59 16.374
 3.488 0.865 1.033 1.031 1.034 1.388 9.049 14.57
 2.846 0.964 0.831 0.819 0.931 1.145 8.382 15.281
 2.372 0.971 0.855 0.769 0.824 1.171 8.695 15.448
 1.762 0.733 0.8 0.657 0.814 1.33 9.252 14.913
 1.543 0.496 0.497 0.537 0.62 0.991 10.576 13.745
 1.339 0.5 0.513 0.493 0.633 0.946 11.126 14.264
 1.365 0.499 0.486 0.523 0.483 0.837 11.116 14.593
 1.107 0.494 0.496 0.402 0.449 0.557 10.949 15.295
 0.991 0.297 0.322 0.307 0.37 0.475 10.67 15.96
 0.848 0.472 0.496 0.426 0.274 0.421 10.808 15.647
 0.703 0.419 0.302 0.0 0.348 0.64 12.635 13.093
 0.623 0.227 0.0 0.47 0.481 0.477 12.049 13.957
 0.463 0.5 0.0 0.497 0.0 0.322 12.92 14.003
 0.544 0.0 0.0 0.138 0.0 0.442 13.054 14.975
 0.4 0.387 0.0 0.0 0.481 0.0 11.843 14.507
Next run
 31.443 9.736 7.514 7.297 6.076 8.589 10.807 31.419
 23.99 7.367 6.033 5.511 6.058 6.237 6.296 24.797
 18.476 6.176 4.863 5.125 4.95 5.602 6.601 24.844
 14.963 5.479 4.1 4.879 4.134 4.865 5.372 22.82
 14.271 4.601 3.841 3.645 4.216 4.056 6.939 19.141
 13.319 4.434 3.557 3.649 3.366 4.098 5.439 20.795
 13.37 3.348 3.268 3.237 3.19 3.504 5.654 19.921
 11.385 3.378 2.642 2.676 3.141 2.99 5.225 20.026
 11.379 3.078 2.489 2.68 2.401 2.842 5.525 20.247
 9.102 2.419 2.35 2.464 2.45 2.772 5.024 18.139
 5.782 2.31 2.128 1.892 1.915 2.526 5.864 17.514
 4.366 1.811 1.898 2.093 1.746 1.905 5.507 17.61
 3.97 1.121 1.492 1.266 1.557 2.123 6.103 16.842
 3.367 1.075 1.285 1.216 1.107 1.51 6.59 16.374
 3.488 0.865 1.033 1.031 1.034 1.388 9.049 14.57
 2.846 0.964 0.831 0.819 0.931 1.145 8.382 15.281
 2.372 0.971 0.855 0.769 0.824 1.171 8.695 15.448
 1.762 0.733 0.8 0.657 0.814 1.33 9.252 14.913
 1.543 0.496 0.497 0.537 0.62 0.991 10.576 13.745
 1.339 0.5 0.513 0.493 0.633 0.946 11.126 14.264
 1.365 0.499 0.486 0.523 0.483 0.837 11.116 14.593
 1.107 0.494 0.496 0.402 0.449 0.557 10.949 15.295
 0.991 0.297 0.322 0.307 0.37 0.475 10.67 15.96
 0.848 0.472 0.496 0.426 0.274 0.421 10.808 15.647
 0.703 0.419 0.302 0.0 0.348 0.64 12.635 13.093
 0.623 0.227 0.0 0.47 0.481 0.477 12.049 13.957
 0.463 0.5 0.0 0.497 0.0 0.322 12.92 14.003
 0.544 0.0 0.0 0.138 0.0 0.442 13.054 14.975
 0.4 0.387 0.0 0.0 0.481 0.0 11.843 14.507
 0.514 0.0 0.0 0.431 0.0 0.307 13.434 14.459
Next run
 31.443 9.736 7.514 7.297 6.076 8.589 10.807 31.419
 23.99 7.367 6.033 5.511 6.058 6.237 6.296 24.797
 18.476 6.176 4.863 5.125 4.95 5.602 6.601 24.844
 14.963 5.479 4.1 4.879 4.134 4.865 5.372 22.82
 14.271 4.601 3.841 3.645 4.216 4.056 6.939 19.141
 13.319 4.434 3.557 3.649 3.366 4.098 5.439 20.795
 13.37 3.348 3.268 3.237 3.19 3.504 5.654 19.921
 11.385 3.378 2.642 2.676 3.141 2.99 5.225 20.026
 11.379 3.078 2.489 2.68 2.401 2.842 5.525 20.247
 9.102 2.419 2.35 2.464 2.45 2.772 5.024 18.139
 5.782 2.31 2.128 1.892 1.915 2.526 5.864 17.514
 4.366 1.811 1.898 2.093 1.746 1.905 5.507 17.61
 3.97 1.121 1.492 1.266 1.557 2.123 6.103 16.842
 3.367 1.075 1.285 1.216 1.107 1.51 6.59 16.374
 3.488 0.865 1.033 1.031 1.034 1.388 9.049 14.57
 2.846 0.964 0.831 0.819 0.931 1.145 8.382 15.281
 2.372 0.971 0.855 0.769 0.824 1.171 8.695 15.448
 1.762 0.733 0.8 0.657 0.814 1.33 9.252 14.913
 1.543 0.496 0.497 0.537 0.62 0.991 10.576 13.745
 1.339 0.5 0.513 0.493 0.633 0.946 11.126 14.264
 1.365 0.499 0.486 0.523 0.483 0.837 11.116 14.593
 1.107 0.494 0.496 0.402 0.449 0.557 10.949 15.295
 0.991 0.297 0.322 0.307 0.37 0.475 10.67 15.96
 0.848 0.472 0.496 0.426 0.274 0.421 10.808 15.647
 0.703 0.419 0.302 0.0 0.348 0.64 12.635 13.093
 0.623 0.227 0.0 0.47 0.481 0.477 12.049 13.957
 0.463 0.5 0.0 0.497 0.0 0.322 12.92 14.003
 0.544 0.0 0.0 0.138 0.0 0.442 13.054 14.975
 0.4 0.387 0.0 0.0 0.481 0.0 11.843 14.507
 0.514 0.0 0.0 0.431 0.0 0.307 13.434 14.459
 0.374 0.0 0.062 0.0 0.151 0.0 10.385 16.247
Next run
 31.443 9.736 7.514 7.297 6.076 8.589 10.807 31.419
 23.99 7.367 6.033 5.511 6.058 6.237 6.296 24.797
 18.476 6.176 4.863 5.125 4.95 5.602 6.601 24.844
 14.963 5.479 4.1 4.879 4.134 4.865 5.372 22.82
 14.271 4.601 3.841 3.645 4.216 4.056 6.939 19.141
 13.319 4.434 3.557 3.649 3.366 4.098 5.439 20.795
 13.37 3.348 3.268 3.237 3.19 3.504 5.654 19.921
 11.385 3.378 2.642 2.676 3.141 2.99 5.225 20.026
 11.379 3.078 2.489 2.68 2.401 2.842 5.525 20.247
 9.102 2.419 2.35 2.464 2.45 2.772 5.024 18.139
 5.782 2.31 2.128 1.892 1.915 2.526 5.864 17.514
 4.366 1.811 1.898 2.093 1.746 1.905 5.507 17.61
 3.97 1.121 1.492 1.266 1.557 2.123 6.103 16.842
 3.367 1.075 1.285 1.216 1.107 1.51 6.59 16.374
 3.488 0.865 1.033 1.031 1.034 1.388 9.049 14.57
 2.846 0.964 0.831 0.819 0.931 1.145 8.382 15.281
 2.372 0.971 0.855 0.769 0.824 1.171 8.695 15.448
 1.762 0.733 0.8 0.657 0.814 1.33 9.252 14.913
 1.543 0.496 0.497 0.537 0.62 0.991 10.576 13.745
 1.339 0.5 0.513 0.493 0.633 0.946 11.126 14.264
 1.365 0.499 0.486 0.523 0.483 0.837 11.116 14.593
 1.107 0.494 0.496 0.402 0.449 0.557 10.949 15.295
 0.991 0.297 0.322 0.307 0.37 0.475 10.67 15.96
 0.848 0.472 0.496 0.426 0.274 0.421 10.808 15.647
 0.703 0.419 0.302 0.0 0.348 0.64 12.635 13.093
 0.623 0.227 0.0 0.47 0.481 0.477 12.049 13.957
 0.463 0.5 0.0 0.497 0.0 0.322 12.92 14.003
 0.544 0.0 0.0 0.138 0.0 0.442 13.054 14.975
 0.4 0.387 0.0 0.0 0.481 0.0 11.843 14.507
 0.514 0.0 0.0 0.431 0.0 0.307 13.434 14.459
 0.374 0.0 0.062 0.0 0.151 0.0 10.385 16.247
 0.457 0.0 0.0 0.446 0.0 0.367 10.636 16.242
Next run
 31.443 9.736 7.514 7.297 6.076 8.589 10.807 31.419
 23.99 7.367 6.033 5.511 6.058 6.237 6.296 24.797
 18.476 6.176 4.863 5.125 4.95 5.602 6.601 24.844
 14.963 5.479 4.1 4.879 4.134 4.865 5.372 22.82
 14.271 4.601 3.841 3.645 4.216 4.056 6.939 19.141
 13.319 4.434 3.557 3.649 3.366 4.098 5.439 20.795
 13.37 3.348 3.268 3.237 3.19 3.504 5.654 19.921
 11.385 3.378 2.642 2.676 3.141 2.99 5.225 20.026
 11.379 3.078 2.489 2.68 2.401 2.842 5.525 20.247
 9.102 2.419 2.35 2.464 2.45 2.772 5.024 18.139
 5.782 2.31 2.128 1.892 1.915 2.526 5.864 17.514
 4.366 1.811 1.898 2.093 1.746 1.905 5.507 17.61
 3.97 1.121 1.492 1.266 1.557 2.123 6.103 16.842
 3.367 1.075 1.285 1.216 1.107 1.51 6.59 16.374
 3.488 0.865 1.033 1.031 1.034 1.388 9.049 14.57
 2.846 0.964 0.831 0.819 0.931 1.145 8.382 15.281
 2.372 0.971 0.855 0.769 0.824 1.171 8.695 15.448
 1.762 0.733 0.8 0.657 0.814 1.33 9.252 14.913
 1.543 0.496 0.497 0.537 0.62 0.991 10.576 13.745
 1.339 0.5 0.513 0.493 0.633 0.946 11.126 14.264
 1.365 0.499 0.486 0.523 0.483 0.837 11.116 14.593
 1.107 0.494 0.496 0.402 0.449 0.557 10.949 15.295
 0.991 0.297 0.322 0.307 0.37 0.475 10.67 15.96
 0.848 0.472 0.496 0.426 0.274 0.421 10.808 15.647
 0.703 0.419 0.302 0.0 0.348 0.64 12.635 13.093
 0.623 0.227 0.0 0.47 0.481 0.477 12.049 13.957
 0.463 0.5 0.0 0.497 0.0 0.322 12.92 14.003
 0.544 0.0 0.0 0.138 0.0 0.442 13.054 14.975
 0.4 0.387 0.0 0.0 0.481 0.0 11.843 14.507
 0.514 0.0 0.0 0.431 0.0 0.307 13.434 14.459
 0.374 0.0 0.062 0.0 0.151 0.0 10.385 16.247
 0.457 0.0 0.0 0.446 0.0 0.367 10.636 16.242
 0.338 0.0 0.426 0.0 0.0 0.44 13.377 14.447
Next run
 31.443 9.736 7.514 7.297 6.076 8.589 10.807 31.419
 23.99 7.367 6.033 5.511 6.058 6.237 6.296 24.797
 18.476 6.176 4.863 5.125 4.95 5.602 6.601 24.844
 14.963 5.479 4.1 4.879 4.134 4.865 5.372 22.82
 14.271 4.601 3.841 3.645 4.216 4.056 6.939 19.141
 13.319 4.434 3.557 3.649 3.366 4.098 5.439 20.795
 13.37 3.348 3.268 3.237 3.19 3.504 5.654 19.921
 11.385 3.378 2.642 2.676 3.141 2.99 5.225 20.026
 11.379 3.078 2.489 2.68 2.401 2.842 5.525 20.247
 9.102 2.419 2.35 2.464 2.45 2.772 5.024 18.139
 5.782 2.31 2.128 1.892 1.915 2.526 5.864 17.514
 4.366 1.811 1.898 2.093 1.746 1.905 5.507 17.61
 3.97 1.121 1.492 1.266 1.557 2.123 6.103 16.842
 3.367 1.075 1.285 1.216 1.107 1.51 6.59 16.374
 3.488 0.865 1.033 1.031 1.034 1.388 9.049 14.57
 2.846 0.964 0.831 0.819 0.931 1.145 8.382 15.281
 2.372 0.971 0.855 0.769 0.824 1.171 8.695 15.448
 1.762 0.733 0.8 0.657 0.814 1.33 9.252 14.913
 1.543 0.496 0.497 0.537 0.62 0.991 10.576 13.745
 1.339 0.5 0.513 0.493 0.633 0.946 11.126 14.264
 1.365 0.499 0.486 0.523 0.483 0.837 11.116 14.593
 1.107 0.494 0.496 0.402 0.449 0.557 10.949 15.295
 0.991 0.297 0.322 0.307 0.37 0.475 10.67 15.96
 0.848 0.472 0.496 0.426 0.274 0.421 10.808 15.647
 0.703 0.419 0.302 0.0 0.348 0.64 12.635 13.093
 0.623 0.227 0.0 0.47 0.481 0.477 12.049 13.957
 0.463 0.5 0.0 0.497 0.0 0.322 12.92 14.003
 0.544 0.0 0.0 0.138 0.0 0.442 13.054 14.975
 0.4 0.387 0.0 0.0 0.481 0.0 11.843 14.507
 0.514 0.0 0.0 0.431 0.0 0.307 13.434 14.459
 0.374 0.0 0.062 0.0 0.151 0.0 10.385 16.247
 0.457 0.0 0.0 0.446 0.0 0.367 10.636 16.242
 0.338 0.0 0.426 0.0 0.0 0.44 13.377 14.447
 0.539 0.0 0.0 0.0 0.286 0.0 11.802 16.171
Next run
 31.443 9.736 7.514 7.297 6.076 8.589 10.807 31.419
 23.99 7.367 6.033 5.511 6.058 6.237 6.296 24.797
 18.476 6.176 4.863 5.125 4.95 5.602 6.601 24.844
 14.963 5.479 4.1 4.879 4.134 4.865 5.372 22.82
 14.271 4.601 3.841 3.645 4.216 4.056 6.939 19.141
 13.319 4.434 3.557 3.649 3.366 4.098 5.439 20.795
 13.37 3.348 3.268 3.237 3.19 3.504 5.654 19.921
 11.385 3.378 2.642 2.676 3.141 2.99 5.225 20.026
 11.379 3.078 2.489 2.68 2.401 2.842 5.525 20.247
 9.102 2.419 2.35 2.464 2.45 2.772 5.024 18.139
 5.782 2.31 2.128 1.892 1.915 2.526 5.864 17.514
 4.366 1.811 1.898 2.093 1.746 1.905 5.507 17.61
 3.97 1.121 1.492 1.266 1.557 2.123 6.103 16.842
 3.367 1.075 1.285 1.216 1.107 1.51 6.59 16.374
 3.488 0.865 1.033 1.031 1.034 1.388 9.049 14.57
 2.846 0.964 0.831 0.819 0.931 1.145 8.382 15.281
 2.372 0.971 0.855 0.769 0.824 1.171 8.695 15.448
 1.762 0.733 0.8 0.657 0.814 1.33 9.252 14.913
 1.543 0.496 0.497 0.537 0.62 0.991 10.576 13.745
 1.339 0.5 0.513 0.493 0.633 0.946 11.126 14.264
 1.365 0.499 0.486 0.523 0.483 0.837 11.116 14.593
 1.107 0.494 0.496 0.402 0.449 0.557 10.949 15.295
 0.991 0.297 0.322 0.307 0.37 0.475 10.67 15.96
 0.848 0.472 0.496 0.426 0.274 0.421 10.808 15.647
 0.703 0.419 0.302 0.0 0.348 0.64 12.635 13.093
 0.623 0.227 0.0 0.47 0.481 0.477 12.049 13.957
 0.463 0.5 0.0 0.497 0.0 0.322 12.92 14.003
 0.544 0.0 0.0 0.138 0.0 0.442 13.054 14.975
 0.4 0.387 0.0 0.0 0.481 0.0 11.843 14.507
 0.514 0.0 0.0 0.431 0.0 0.307 13.434 14.459
 0.374 0.0 0.062 0.0 0.151 0.0 10.385 16.247
 0.457 0.0 0.0 0.446 0.0 0.367 10.636 16.242
 0.338 0.0 0.426 0.0 0.0 0.44 13.377 14.447
 0.539 0.0 0.0 0.0 0.286 0.0 11.802 16.171
 0.268 0.381 0.0 0.0 0.0 0.356 13.238 13.847
Next run
 31.443 9.736 7.514 7.297 6.076 8.589 10.807 31.419
 23.99 7.367 6.033 5.511 6.058 6.237 6.296 24.797
 18.476 6.176 4.863 5.125 4.95 5.602 6.601 24.844
 14.963 5.479 4.1 4.879 4.134 4.865 5.372 22.82
 14.271 4.601 3.841 3.645 4.216 4.056 6.939 19.141
 13.319 4.434 3.557 3.649 3.366 4.098 5.439 20.795
 13.37 3.348 3.268 3.237 3.19 3.504 5.654 19.921
 11.385 3.378 2.642 2.676 3.141 2.99 5.225 20.026
 11.379 3.078 2.489 2.68 2.401 2.842 5.525 20.247
 9.102 2.419 2.35 2.464 2.45 2.772 5.024 18.139
 5.782 2.31 2.128 1.892 1.915 2.526 5.864 17.514
 4.366 1.811 1.898 2.093 1.746 1.905 5.507 17.61
 3.97 1.121 1.492 1.266 1.557 2.123 6.103 16.842
 3.367 1.075 1.285 1.216 1.107 1.51 6.59 16.374
 3.488 0.865 1.033 1.031 1.034 1.388 9.049 14.57
 2.846 0.964 0.831 0.819 0.931 1.145 8.382 15.281
 2.372 0.971 0.855 0.769 0.824 1.171 8.695 15.448
 1.762 0.733 0.8 0.657 0.814 1.33 9.252 14.913
 1.543 0.496 0.497 0.537 0.62 0.991 10.576 13.745
 1.339 0.5 0.513 0.493 0.633 0.946 11.126 14.264
 1.365 0.499 0.486 0.523 0.483 0.837 11.116 14.593
 1.107 0.494 0.496 0.402 0.449 0.557 10.949 15.295
 0.991 0.297 0.322 0.307 0.37 0.475 10.67 15.96
 0.848 0.472 0.496 0.426 0.274 0.421 10.808 15.647
 0.703 0.419 0.302 0.0 0.348 0.64 12.635 13.093
 0.623 0.227 0.0 0.47 0.481 0.477 12.049 13.957
 0.463 0.5 0.0 0.497 0.0 0.322 12.92 14.003
 0.544 0.0 0.0 0.138 0.0 0.442 13.054 14.975
 0.4 0.387 0.0 0.0 0.481 0.0 11.843 14.507
 0.514 0.0 0.0 0.431 0.0 0.307 13.434 14.459
 0.374 0.0 0.062 0.0 0.151 0.0 10.385 16.247
 0.457 0.0 0.0 0.446 0.0 0.367 10.636 16.242
 0.338 0.0 0.426 0.0 0.0 0.44 13.377 14.447
 0.539 0.0 0.0 0.0 0.286 0.0 11.802 16.171
 0.268 0.381 0.0 0.0 0.0 0.356 13.238 13.847
 0.419 0.0 0.491 0.0 0.0 0.399 11.092 15.049
Next run
 31.443 9.736 7.514 7.297 6.076 8.589 10.807 31.419
 23.99 7.367 6.033 5.511 6.058 6.237 6.296 24.797
 18.476 6.176 4.863 5.125 4.95 5.602 6.601 24.844
 14.963 5.479 4.1 4.879 4.134 4.865 5.372 22.82
 14.271 4.601 3.841 3.645 4.216 4.056 6.939 19.141
 13.319 4.434 3.557 3.649 3.366 4.098 5.439 20.795
 13.37 3.348 3.268 3.237 3.19 3.504 5.654 19.921
 11.385 3.378 2.642 2.676 3.141 2.99 5.225 20.026
 11.379 3.078 2.489 2.68 2.401 2.842 5.525 20.247
 9.102 2.419 2.35 2.464 2.45 2.772 5.024 18.139
 5.782 2.31 2.128 1.892 1.915 2.526 5.864 17.514
 4.366 1.811 1.898 2.093 1.746 1.905 5.507 17.61
 3.97 1.121 1.492 1.266 1.557 2.123 6.103 16.842
 3.367 1.075 1.285 1.216 1.107 1.51 6.59 16.374
 3.488 0.865 1.033 1.031 1.034 1.388 9.049 14.57
 2.846 0.964 0.831 0.819 0.931 1.145 8.382 15.281
 2.372 0.971 0.855 0.769 0.824 1.171 8.695 15.448
 1.762 0.733 0.8 0.657 0.814 1.33 9.252 14.913
 1.543 0.496 0.497 0.537 0.62 0.991 10.576 13.745
 1.339 0.5 0.513 0.493 0.633 0.946 11.126 14.264
 1.365 0.499 0.486 0.523 0.483 0.837 11.116 14.593
 1.107 0.494 0.496 0.402 0.449 0.557 10.949 15.295
 0.991 0.297 0.322 0.307 0.37 0.475 10.67 15.96
 0.848 0.472 0.496 0.426 0.274 0.421 10.808 15.647
 0.703 0.419 0.302 0.0 0.348 0.64 12.635 13.093
 0.623 0.227 0.0 0.47 0.481 0.477 12.049 13.957
 0.463 0.5 0.0 0.497 0.0 0.322 12.92 14.003
 0.544 0.0 0.0 0.138 0.0 0.442 13.054 14.975
 0.4 0.387 0.0 0.0 0.481 0.0 11.843 14.507
 0.514 0.0 0.0 0.431 0.0 0.307 13.434 14.459
 0.374 0.0 0.062 0.0 0.151 0.0 10.385 16.247
 0.457 0.0 0.0 0.446 0.0 0.367 10.636 16.242
 0.338 0.0 0.426 0.0 0.0 0.44 13.377 14.447
 0.539 0.0 0.0 0.0 0.286 0.0 11.802 16.171
 0.268 0.381 0.0 0.0 0.0 0.356 13.238 13.847
 0.419 0.0 0.491 0.0 0.0 0.399 11.092 15.049
Next run
